-9.25,-39.97,-41.6,-44.78,-38.48,-19.77,-29.52,-12.76,-19.19,-13.79,-30.39,-52.11,-23.77,8.85,-27.58,-31.28,-20.68,9.86,-4.21,-0.38,-34.69,-3.75,-11.61,-25.74,1.73,-4.67,-8.36,-9.18,-8.48,5.29,-5.35,-3.51,-9.76,-8.75,-4.78,-15.92,-1.19,-1.76,-4.22,0.09,1.51,-2.08,-0.78,-5.4,-5.14,-0.65,5.79,-8.67,-3.08,-14.46,-4.48,-2.39,-4.04,2.96,-0.04,2.72,0.03,-6.29,-2.63,-10.66,-3.55,-1.85,6.13,2.08,-1.01,0.47,-3.02,-1.59,-2.18,-3.32,-0.62,0.07,0.24,0.65,-1.59,0.05,-0.73,-0.4,-0.05,-5.96,-6.04,-0.11,-0.05,-2.27,0.23,-4.5,-1.51,3.76,1.61,5.56,3.04,-4.51,-15.52,-6.72,-2.25,4.48,-9.93,2.08,-6.22,7.26
2.69,-8.4,-31.09,-60.38,-67.97,-85.22,-99.23,-90.06,-61.41,-65.94,-29.4,-22.42,-38.79,0.9,-11.27,-13.08,-8.02,-29.37,-7.52,-9.38,-25.12,-18.43,-1.18,1.49,-14.07,-17.76,-9.02,-5.41,-1.21,-1.53,-6.82,-3.23,6.66,2.73,-2.84,-1.32,-2.23,-1.37,-2.17,-0.15,-1.27,-2.65,-4.89,2.84,-0.91,-1.34,-5.91,-1.01,0.9,2.61,-0.1,-0.62,0.12,-2.12,-2.14,-1.23,-1.36,-1.88,0.58,1.22,2.26,-0.37,-1.01,-0.9,1.3,-4.24,-1.01,-2.48,-2.19,-0.5,0.21,-2.04,0.1,-1.42,-2.42,1.46,-0.75,-1.53,-0.71,-1.59,-1.53,-0.44,-2.29,0.82,-1.29,0.46,2.83,-0.83,0.39,1.38,-0.09,-0.47,-0.82,-2.08,-2.73,0.83,-0.53,-1.23,-1.52,2.23
26.58,25.0,30.21,23.27,29.3,30.88,33.55,30.2,30.65,26.65,34.86,36.52,45.26,51.27,50.29,52.26,48.38,44.38,43.01,37.81,26.68,18.72,17.75,17.27,16.77,18.37,15.47,15.43,16.41,17.71,16.4,16.75,16.09,14.73,17.46,15.73,18.28,17.36,23.23,24.12,25.36,30.67,36.47,33.36,32.3,38.13,38.25,39.74,35.08,37.75,37.24,33.04,32.29,35.58,41.63,32.61,33.43,32.58,37.33,35.91,36.55,34.66,37.45,33.35,36.02,34.02,38.4,38.61,34.56,33.96,32.92,35.07,40.33,40.52,38.5,35.28,39.92,40.18,40.77,39.67,42.7,39.81,43.04,32.95,40.58,38.07,33.8,34.98,40.92,36.56,35.53,37.53,35.29,35.29,40.5,35.12,35.71,37.84,34.71,37.03
(1;23),(4;15),(7;18),(10;18),(13;25),(16;18),(19;20),(22;26),(25;15),(28;22)
(1;15),(4;22),(7;22),(10;21),(13;18),(16;15),(19;20),(22;17),(25;35),(28;15)
(1;10),(4;24),(7;13),(10;18),(13;25),(16;9),(19;27),(22;26),(25;27),(28;21)
(1;19),(4;20),(7;12),(10;15),(13;12),(16;21),(19;24),(22;26),(25;28),(28;23)
(1;13),(4;23),(7;16),(10;15),(13;25),(16;19),(19;32),(22;23),(25;21),(28;13)
(1;22),(4;20),(7;20),(10;18),(13;28),(16;22),(19;27),(22;8),(25;17),(28;18)
(1;14),(4;33),(7;18),(10;9),(13;29),(16;12),(19;25),(22;20),(25;21),(28;19)
(1;16),(4;21),(7;15),(10;15),(13;20),(16;23),(19;18),(22;16),(25;15),(28;41)
(1;4),(4;21),(7;25),(10;16),(13;16),(16;27),(19;22),(22;10),(25;14),(28;45)
(1;17),(4;16),(7;22),(10;19),(13;12),(16;31),(19;20),(22;6),(25;11),(28;46)
(1;14),(4;8),(7;26),(10;28),(13;35),(16;27),(19;11),(22;9),(25;17),(28;25)
(1;6),(4;5),(7;42),(10;19),(13;60),(16;11),(19;12),(22;8),(25;15),(28;22)
(1;4),(4;7),(7;32),(10;20),(13;73),(16;12),(19;7),(22;7),(25;8),(28;30)
(1;1),(4;2),(7;2),(10;16),(13;84),(16;47),(19;5),(22;2),(25;7),(28;34)
(1;7),(4;5),(7;4),(10;7),(13;100),(16;1),(19;25),(22;2),(25;8),(28;41)
(1;3),(4;2),(7;4),(10;8),(13;121),(16;6),(19;5),(22;6),(25;13),(28;32)
(4;4),(10;4),(13;108),(16;4),(19;7),(22;1),(25;24),(28;48)
(1;5),(7;1),(10;2),(13;101),(16;7),(19;2),(22;4),(25;23),(28;55)
(7;3),(10;1),(13;93),(16;5),(19;2),(22;3),(25;47),(28;46)
(1;2),(10;9),(13;77),(16;2),(22;4),(25;86),(28;20)
(1;3),(7;5),(10;30),(13;43),(16;3),(19;2),(22;4),(25;100),(28;10)
(1;1),(7;3),(10;40),(13;13),(16;10),(19;4),(22;3),(25;114),(28;12)
(1;6),(4;8),(10;46),(13;3),(16;17),(19;2),(22;8),(25;99),(28;11)
(1;10),(4;19),(10;52),(16;4),(22;3),(25;97),(28;15)
(1;2),(4;23),(10;44),(16;5),(19;9),(22;8),(25;102),(28;7)
(4;32),(7;1),(10;40),(16;4),(19;5),(22;9),(25;109)
(4;36),(10;55),(13;4),(16;4),(19;1),(25;97),(28;3)
(4;25),(7;5),(10;66),(16;7),(25;96),(28;1)
(4;30),(7;19),(10;52),(16;3),(22;1),(25;94),(28;1)
(4;26),(7;17),(10;51),(16;4),(19;2),(22;1),(25;95),(28;4)
(4;21),(7;10),(10;63),(16;3),(22;2),(25;95),(28;6)
(4;25),(7;8),(10;54),(16;6),(19;1),(25;92),(28;14)
(4;26),(7;6),(10;59),(16;6),(19;2),(22;2),(25;84),(28;15)
(4;27),(7;7),(10;71),(16;6),(22;4),(25;77),(28;8)
(4;18),(7;17),(10;54),(16;5),(25;104),(28;2)
(4;7),(7;24),(10;57),(16;9),(19;1),(22;1),(25;98),(28;3)
(4;21),(7;13),(10;57),(16;11),(19;1),(25;95),(28;2)
(4;12),(7;8),(10;60),(16;17),(19;1),(25;101),(28;1)
(4;16),(7;12),(10;47),(16;25),(22;3),(25;97)
(4;15),(7;5),(10;51),(16;26),(19;1),(22;3),(25;98),(28;1)
(4;15),(7;7),(10;52),(16;33),(22;4),(25;89)
(4;13),(7;6),(10;29),(16;40),(22;6),(25;106)
(4;18),(7;10),(10;19),(16;46),(19;1),(22;2),(25;104)
(4;33),(7;5),(10;13),(16;57),(22;2),(25;90)
(4;23),(7;7),(10;15),(16;48),(19;1),(22;4),(25;102)
(4;22),(7;7),(10;9),(16;52),(22;2),(25;108)
(4;19),(7;9),(10;18),(16;57),(22;5),(25;92)
(4;37),(7;7),(10;19),(16;39),(19;1),(22;3),(25;93),(28;1)
(4;32),(7;3),(10;11),(16;51),(22;2),(25;100),(28;1)
(4;37),(7;5),(10;11),(16;49),(22;5),(25;92),(28;1)
(4;27),(7;8),(10;11),(13;1),(16;54),(22;3),(25;96)
(4;42),(7;6),(10;11),(16;43),(22;2),(25;96)
(4;23),(7;8),(10;16),(16;49),(22;3),(25;101)
(4;24),(7;10),(10;8),(13;1),(16;50),(22;1),(25;106)
(4;19),(7;5),(10;20),(16;51),(25;105)
(4;25),(7;3),(10;20),(16;54),(25;98)
(1;1),(4;30),(7;4),(10;22),(13;2),(16;43),(25;98)
(4;21),(7;6),(10;20),(13;3),(16;57),(25;93)
(4;19),(7;2),(10;21),(13;2),(16;43),(25;113)
(4;20),(7;1),(10;19),(13;3),(16;50),(25;107)
(1;1),(4;26),(7;1),(10;26),(16;49),(25;97)
(1;3),(4;23),(7;2),(10;23),(16;51),(19;1),(25;97)
(4;29),(7;5),(10;15),(13;1),(16;45),(25;105)
(4;24),(7;3),(10;18),(13;1),(16;43),(25;111)
(1;1),(4;25),(7;6),(10;26),(16;45),(25;97)
(4;29),(7;5),(10;30),(16;40),(25;95),(28;1)
(4;16),(7;9),(10;23),(16;49),(25;103)
(4;13),(7;6),(10;31),(16;51),(25;99)
(4;27),(7;2),(10;19),(16;54),(25;98)
(4;14),(7;2),(10;18),(16;46),(19;1),(25;119)
(4;16),(7;1),(10;19),(16;57),(19;3),(25;104)
(4;13),(7;8),(10;27),(16;43),(19;1),(25;108)
(4;14),(7;11),(10;31),(16;58),(19;3),(25;83)
(4;11),(7;6),(10;24),(16;48),(19;3),(25;108)
(4;13),(7;9),(10;30),(16;58),(19;1),(25;88),(28;1)
(4;17),(7;5),(10;30),(16;52),(19;2),(25;94)
(4;14),(7;5),(10;21),(16;54),(19;2),(25;104)
(4;13),(7;12),(10;35),(16;47),(25;93)
(4;6),(7;8),(10;31),(16;49),(19;1),(25;105)
(4;10),(7;9),(10;36),(16;45),(25;100)
(4;4),(7;8),(10;24),(13;1),(16;52),(19;3),(25;108)
(4;4),(7;8),(10;35),(16;53),(19;1),(25;99)
(4;12),(7;20),(10;30),(16;45),(19;3),(25;90)
(4;9),(7;10),(10;26),(16;54),(19;3),(25;97),(28;1)
(4;6),(7;19),(10;27),(16;44),(19;2),(25;101),(28;1)
(4;4),(7;20),(10;25),(16;48),(19;2),(25;100),(28;1)
(4;9),(7;16),(10;21),(16;56),(19;2),(25;94),(28;2)
(4;7),(7;20),(10;24),(16;51),(19;4),(25;94)
(4;8),(7;18),(10;16),(16;43),(19;6),(25;109)
(4;3),(7;21),(10;27),(16;51),(19;4),(25;94)
(4;5),(7;30),(10;18),(16;45),(19;6),(25;96)
(4;3),(7;21),(10;13),(16;42),(19;15),(25;105),(28;1)
(4;3),(7;10),(10;9),(16;49),(19;34),(25;95)
(4;3),(7;11),(10;9),(16;41),(19;32),(25;104)
(4;4),(7;7),(10;13),(16;52),(19;30),(25;94)
(4;2),(7;11),(10;8),(16;52),(19;24),(25;103)
(4;3),(7;9),(10;10),(16;37),(19;42),(25;99)
(4;5),(7;9),(10;13),(16;51),(19;27),(25;95)
(4;4),(7;12),(10;8),(16;31),(19;35),(25;110)
(4;1),(7;5),(10;8),(16;53),(19;41),(25;91),(28;1)
