i mp0 mp1 mp2 mp3 mp4 mp5 mp6 mp7 mp8 mp9 mp10 mp11 mp12 mp13 mp14 mp15 mp16 mp17 mp18 mp19 mp20 mp21 mp22 mp23 mp24 mf0 mf1 mf2 mf3 mf4 gp0 gp1 gp2 gp3 gp4 gp5 gp6 gp7 gp8 gp9 gp10 gp11 gp12 gp13 gp14 gp15 gp16 gp17 gp18 gp19 gp20 gp21 gp22 gp23 gp24 gf0 gf1 gf2 gf3 gf4 gdp u pg pl wp0 wp1 wp2 wp3 wp4 wp5 wp6 wp7 wp8 wp9 wp10 wp11 wp12 wp13 wp14 wp15 wp16 wp17 wp18 wp19 wp20 wp21 wp22 wp23 wp24 gini 
1 898.07 884.26 1278.66 66.54 907.44 1415.07 807.27 607.0 190.56 711.02 1466.46 519.15 1705.57 1756.6 1689.77 1127.1 459.11 1276.76 1688.07 1106.29 1763.19 203.29 815.58 1287.17 369.99 5458.05 13772.78 6242.34 15626.81 8900.02 0 0 0 0 0 0 0 0 0 0 0 0 0 0 0 0 0 0 0 0 0 0 0 0 0 0 0 0 0 0 136.08 0.52 nan 2.33 -0.01 -0.03 0.41 -0.93 0.0 0.56 -0.11 -0.33 -0.79 -0.22 0.62 -0.43 0.88 0.94 0.86 0.24 -0.49 0.41 0.86 0.22 0.94 -0.78 -0.1 0.42 -0.59 0.3 
2 899.86 904.73 1281.21 69.33 909.25 1417.9 808.89 611.01 199.28 735.83 1469.39 520.19 1708.98 1775.58 1696.43 1131.53 461.93 1279.31 1691.45 1108.51 1766.72 204.6 850.11 1289.75 394.58 5333.54 13761.88 6230.53 15615.93 8872.04 1 0 2 2 3 1 2 3 1 2 0 1 1 4 1 2 2 3 3 2 2 0 2 1 1 41 1 2 1 15 530.18 0.84 11.0 3.34 nan nan nan nan nan nan nan nan nan nan nan nan nan nan nan nan nan nan nan nan nan nan nan nan nan nan 
3 894.65 906.54 1251.71 37.4 904.02 1404.7 787.46 595.84 192.66 723.27 1472.33 514.22 1705.38 1742.06 1692.81 1110.75 421.78 1251.81 1646.74 1117.79 1751.75 205.01 837.78 1285.31 388.35 5490.96 13776.88 6216.54 15625.94 9047.42 2 0 4 3 5 2 4 4 2 2 1 2 3 12 2 4 4 4 3 3 3 0 3 2 2 19 0 4 1 15 523.17 0.64 12.65 2.23 -0.03 -0.03 0.36 -0.94 0.0 0.51 -0.14 -0.33 -0.78 -0.2 0.57 -0.44 0.83 0.91 0.82 0.21 -0.53 0.37 0.79 0.22 0.89 -0.78 -0.08 0.38 -0.57 0.29 
4 877.4 908.36 1234.79 30.47 883.77 1388.47 750.96 590.01 189.74 724.72 1494.0 508.23 1694.77 1623.3 1690.28 1098.94 408.59 1255.81 1650.03 1115.01 1745.23 215.33 825.12 1268.85 382.11 5765.96 13765.08 6162.35 15615.04 9136.15 3 1 4 4 5 2 5 8 4 5 1 2 4 14 3 5 4 4 3 3 6 0 4 2 4 4 2 35 2 6 399.19 0.92 16.0 2.13 -0.05 -0.04 0.36 -0.93 0.0 0.49 -0.15 -0.32 -0.77 -0.21 0.59 -0.44 0.83 0.87 0.81 0.21 -0.52 0.38 0.78 0.22 0.88 -0.77 -0.09 0.37 -0.57 0.29 
5 866.13 899.95 1237.26 17.5 885.54 1391.25 730.42 539.09 146.03 705.12 1496.99 509.25 1676.11 1582.46 1671.62 1088.12 409.41 1258.32 1665.74 1117.24 1682.59 215.76 813.74 1271.38 356.83 5807.96 13760.28 6359.96 15631.04 9204.15 3 3 6 6 6 2 7 9 5 5 1 3 5 15 6 5 6 7 4 3 6 2 6 3 7 0 1 30 0 0 213.75 0.76 4.0 2.03 -0.05 -0.05 0.35 -0.92 0.0 0.47 -0.16 -0.31 -0.78 -0.19 0.57 -0.44 0.8 0.87 0.78 0.21 -0.51 0.37 0.77 0.21 0.84 -0.78 -0.09 0.35 -0.56 0.29 
6 905.83 893.74 1231.72 25.43 893.29 1394.03 723.86 543.6 142.31 715.3 1499.98 506.26 1675.46 1581.62 1672.78 1090.29 402.21 1248.81 1665.06 1119.48 1685.96 208.17 807.36 1269.92 345.52 5789.23 13741.49 6436.41 15589.24 9191.27 5 4 6 6 8 6 8 11 9 6 4 3 6 16 7 7 7 8 7 4 9 6 9 6 9 9 8 13 13 3 565.01 0.72 10.52 2.65 0.0 -0.01 0.37 -0.95 -0.0 0.53 -0.18 -0.37 -0.82 -0.2 0.64 -0.44 0.85 0.79 0.85 0.21 -0.54 0.39 0.83 0.23 0.86 -0.76 -0.09 0.4 -0.59 0.3 
7 899.63 876.49 1234.18 25.49 875.04 1380.79 729.33 509.62 66.45 697.7 1463.9 531.78 1662.77 1568.75 1672.12 1101.08 383.98 1254.51 1632.32 1104.69 1677.19 192.56 768.77 1260.43 323.16 5779.39 13855.77 6478.41 15786.64 9200.41 5 5 7 7 10 7 9 12 9 7 6 3 8 18 8 8 8 9 8 5 9 7 10 6 11 14 2 0 15 1 453.56 0.92 17.8 3.0 -0.01 -0.04 0.35 -0.91 0.0 0.51 -0.15 -0.35 -0.83 -0.21 0.57 -0.41 0.8 0.81 0.82 0.22 -0.52 0.4 0.78 0.2 0.85 -0.73 -0.1 0.38 -0.56 0.29 
8 901.43 862.21 1214.61 3.49 832.7 1361.51 714.75 488.59 66.58 683.06 1434.77 532.84 1634.04 1527.8 1659.43 1087.25 383.74 1243.54 1619.56 1096.89 1680.54 176.91 754.27 1262.96 279.72 5993.39 13845.77 6462.4 15996.64 9188.86 6 5 7 7 10 7 11 13 9 8 6 4 8 18 8 8 9 9 8 5 10 7 11 7 11 0 2 2 5 1 233.44 0.72 15.7 2.19 -0.02 -0.06 0.33 -0.87 0.0 0.47 -0.13 -0.31 -0.78 -0.2 0.53 -0.42 0.76 0.83 0.78 0.22 -0.48 0.39 0.74 0.17 0.82 -0.7 -0.08 0.36 -0.53 0.28 
9 884.19 863.93 1217.04 21.18 834.36 1364.23 684.12 482.55 66.71 665.39 1437.64 522.13 1637.3 1530.85 1662.75 1092.69 377.5 1249.43 1632.72 1099.08 1670.88 177.26 766.82 1243.44 285.25 5982.54 13787.88 6465.55 16080.79 9200.86 6 5 7 7 10 8 11 13 9 8 6 4 8 19 9 8 9 9 8 5 10 7 11 7 11 1 33 1 1 0 95.65 0.8 19.0 1.0 -0.01 -0.05 0.34 -0.87 0.0 0.49 -0.14 -0.31 -0.79 -0.2 0.55 -0.41 0.78 0.83 0.8 0.23 -0.48 0.4 0.77 0.19 0.84 -0.71 -0.05 0.37 -0.54 0.28 
10 885.96 865.66 1219.47 21.23 836.03 1350.93 685.49 492.82 66.85 676.46 1440.51 523.17 1640.58 1520.89 1638.02 1103.6 378.25 1251.93 1635.99 1101.28 1674.22 177.62 770.23 1255.0 285.82 5965.21 13762.36 6470.62 16097.87 9189.94 6 6 9 8 12 9 13 13 10 9 6 5 8 21 11 9 12 9 9 5 10 9 13 11 11 21 48 1 1 1 739.3 0.64 21.38 2.18 -0.03 -0.06 0.32 -0.85 0.0 0.46 -0.13 -0.28 -0.77 -0.19 0.52 -0.42 0.75 0.83 0.76 0.22 -0.46 0.39 0.74 0.17 0.82 -0.7 -0.05 0.35 -0.52 0.27 
11 891.53 882.76 1177.82 2.23 793.62 1334.59 645.78 497.52 47.94 663.56 1452.98 502.18 1647.93 1479.84 1597.2 1080.76 318.89 1254.43 1650.01 1103.48 1691.55 133.89 737.08 1169.34 286.39 6400.73 13847.36 6484.68 16108.92 9095.0 6 12 11 8 13 11 14 14 10 16 7 8 10 26 12 11 15 13 10 6 14 16 13 11 11 17 43 1 1 36 812.23 0.8 13.89 2.62 -0.03 -0.04 0.3 -0.84 0.0 0.45 -0.12 -0.26 -0.75 -0.18 0.51 -0.42 0.73 0.84 0.74 0.21 -0.45 0.38 0.75 0.15 0.81 -0.69 -0.03 0.34 -0.5 0.27 
12 893.31 806.37 1154.13 2.24 810.15 1325.48 634.04 485.49 48.04 561.69 1442.86 464.22 1625.17 1417.67 1587.37 1056.87 274.44 1204.84 1640.29 1098.68 1642.82 18.92 738.56 1171.67 294.91 6333.61 14391.24 6475.68 16098.92 9275.0 6 12 11 9 13 11 15 15 10 17 7 10 11 27 12 11 17 13 10 7 14 16 14 11 14 37 4 0 1 26 146.39 0.8 4.6 2.93 -0.01 -0.02 0.32 -0.89 0.0 0.49 -0.16 -0.31 -0.81 -0.21 0.55 -0.42 0.78 0.8 0.77 0.22 -0.51 0.4 0.8 0.19 0.85 -0.76 -0.07 0.34 -0.55 0.28 
13 895.1 822.01 1159.54 1.24 811.77 1351.78 628.3 479.45 48.13 561.81 1445.74 451.12 1627.42 1413.49 1590.55 1058.98 266.97 1224.27 1643.57 1093.87 1646.11 18.96 752.76 1174.02 286.48 6357.58 14408.21 6464.64 16087.12 9198.51 8 12 11 10 16 12 17 18 10 17 9 11 13 29 15 11 18 14 12 8 14 16 15 13 16 33 1 1 1 44 523.77 0.68 12.25 2.79 0.0 -0.05 0.31 -0.95 -0.06 0.52 -0.24 -0.41 -0.9 -0.31 0.6 -0.46 0.82 0.67 0.78 0.2 -0.63 0.39 0.83 0.22 0.85 -0.9 -0.11 0.33 -0.62 0.31 
14 894.89 823.66 1168.08 39.14 762.3 1353.49 627.55 484.84 59.35 578.52 1415.78 426.97 1628.67 1366.22 1518.58 1061.1 266.5 1201.67 1620.8 1095.05 1653.13 19.0 729.22 1174.36 268.75 6357.01 14398.28 6334.08 16073.41 9563.51 9 14 12 11 19 13 19 19 14 19 10 12 15 31 18 13 20 17 12 9 16 16 17 15 17 22 1 43 3 29 327.68 0.88 7.64 1.75 0.0 -0.02 0.31 -0.84 -0.03 0.51 -0.16 -0.29 -0.82 -0.21 0.54 -0.43 0.8 0.73 0.71 0.2 -0.51 0.38 0.78 0.2 0.84 -0.78 -0.08 0.34 -0.53 0.28 
15 889.66 812.21 1163.4 38.22 744.78 1349.18 614.78 478.8 31.41 535.59 1411.6 420.81 1602.87 1354.92 1500.57 1055.21 253.01 1183.03 1624.05 1090.23 1642.41 19.04 720.41 1162.68 268.28 6346.07 14393.29 6569.08 16064.53 9617.64 10 15 14 12 21 13 21 20 15 19 10 12 16 34 19 15 22 18 14 10 18 16 18 16 18 23 1 8 1 27 555.41 0.8 17.24 2.44 0.0 -0.04 0.31 -0.87 -0.07 0.51 -0.21 -0.35 -0.86 -0.29 0.55 -0.47 0.79 0.66 0.71 0.2 -0.58 0.37 0.79 0.21 0.84 -0.85 -0.11 0.33 -0.58 0.3 
16 880.63 809.83 1115.63 38.71 702.16 1351.88 580.93 454.71 27.46 536.66 1414.42 421.65 1581.02 1282.48 1499.57 1049.3 209.12 1160.34 1619.28 1067.36 1662.84 19.08 696.8 1139.96 243.77 6373.13 14382.34 6558.13 16014.91 10056.69 11 20 15 14 24 16 25 22 17 20 11 14 16 35 20 17 26 19 16 13 18 19 22 17 20 15 2 9 19 10 546.88 0.76 8.82 2.82 -0.01 0.0 0.27 -0.77 -0.0 0.48 -0.12 -0.25 -0.73 -0.19 0.49 -0.41 0.74 0.75 0.71 0.22 -0.45 0.38 0.74 0.16 0.85 -0.72 -0.06 0.33 -0.48 0.26 
17 886.77 746.32 1113.85 33.78 676.51 1303.48 551.03 450.61 22.51 536.73 1416.25 384.42 1589.27 1289.22 1509.77 1049.4 193.5 1158.66 1596.46 1024.4 1666.17 19.41 652.1 1123.2 261.08 6648.13 14337.44 6580.31 16017.99 10104.45 12 21 15 15 24 17 26 23 18 21 12 16 16 37 20 17 26 20 17 13 19 19 23 18 21 0 21 4 6 7 342.54 0.68 14.58 2.79 0.0 -0.06 0.27 -0.84 -0.1 0.47 -0.22 -0.34 -0.82 -0.28 0.54 -0.48 0.76 0.62 0.71 0.22 -0.57 0.35 0.77 0.16 0.85 -0.81 -0.14 0.29 -0.56 0.29 
18 865.23 740.8 1118.15 6.67 677.86 1289.29 545.12 441.49 43.33 509.75 1409.06 368.16 1592.45 1271.76 1523.72 1051.5 193.89 1132.92 1592.64 1026.45 1662.48 19.45 625.35 1120.45 257.54 6629.08 14381.19 6681.42 16061.73 10096.36 13 22 15 15 24 18 26 26 18 22 13 18 17 38 20 18 26 21 19 14 20 19 25 18 21 3 20 1 4 14 473.28 0.6 18.1 1.94 -0.01 0.0 0.28 -0.78 -0.02 0.47 -0.12 -0.26 -0.71 -0.22 0.51 -0.43 0.74 0.73 0.73 0.24 -0.45 0.36 0.76 0.16 0.85 -0.72 -0.08 0.32 -0.46 0.26 
19 844.92 735.94 1128.68 19.06 697.2 1290.87 551.23 376.24 43.41 509.77 1389.83 356.74 1594.63 1249.25 1526.77 1031.56 201.89 1113.14 1551.74 1030.55 1643.77 20.39 588.15 1122.69 258.06 6618.2 14370.29 6671.42 16096.33 10294.26 14 29 15 16 24 18 26 29 19 23 15 19 18 41 20 19 27 22 21 16 23 20 25 21 21 4 21 1 5 51 665.88 0.76 16.0 2.23 -0.05 0.0 0.23 -0.74 -0.0 0.43 -0.1 -0.25 -0.67 -0.2 0.43 -0.4 0.68 0.71 0.67 0.2 -0.41 0.32 0.67 0.13 0.77 -0.68 -0.08 0.28 -0.44 0.24 
20 830.58 622.18 1130.94 44.27 698.6 1293.45 552.33 319.88 24.46 491.75 1360.55 338.41 1615.11 1194.64 1529.83 1036.15 183.25 1119.87 1516.77 1015.61 1612.43 16.42 589.32 1067.82 258.57 6659.96 14549.44 6661.57 16106.33 10477.32 17 31 18 18 27 18 27 33 20 26 15 21 18 41 21 23 29 23 22 17 24 21 27 21 24 13 12 1 0 71 597.13 0.76 13.66 1.46 -0.03 0.0 0.26 -0.72 -0.0 0.46 -0.11 -0.28 -0.7 -0.21 0.47 -0.41 0.75 0.7 0.7 0.23 -0.43 0.36 0.71 0.17 0.82 -0.69 -0.09 0.29 -0.45 0.25 
21 793.16 606.39 1094.12 18.31 654.91 1296.04 540.41 262.4 11.49 450.65 1363.27 313.04 1618.34 1197.03 1519.86 983.12 162.17 1117.59 1508.73 1004.61 1610.08 3.13 558.44 1069.96 222.97 6818.06 14722.35 6651.61 16074.06 10661.42 20 32 19 19 31 19 28 35 21 27 18 23 20 41 21 25 30 24 23 19 25 22 29 22 26 1 7 4 13 57 317.72 0.72 5.3 2.64 -0.0 0.0 0.3 -0.74 -0.01 0.5 -0.12 -0.31 -0.72 -0.22 0.52 -0.42 0.81 0.71 0.75 0.26 -0.46 0.39 0.76 0.2 0.88 -0.72 -0.1 0.32 -0.47 0.26 
22 791.74 601.32 1095.31 17.35 652.21 1288.61 527.47 260.92 10.51 451.52 1383.85 311.66 1601.54 1199.42 1538.21 947.01 161.49 1128.19 1501.73 1004.62 1612.3 41.78 557.55 1047.05 212.39 6832.21 14778.71 6715.74 15998.98 10626.13 23 33 20 19 41 20 29 36 21 27 19 24 20 51 24 25 31 34 23 19 30 24 30 23 26 1 4 2 29 58 954.08 0.72 15.72 2.36 0.0 -0.14 0.33 -0.87 -0.09 0.55 -0.25 -0.5 -0.86 -0.34 0.65 -0.52 0.9 0.58 0.84 0.2 -0.64 0.4 0.81 0.23 0.94 -0.82 -0.21 0.3 -0.61 0.32 
23 752.82 586.49 1081.47 17.38 493.19 1275.15 512.49 245.41 38.32 452.42 1370.59 296.25 1641.33 1041.5 1493.19 948.9 145.78 970.13 1504.73 1022.68 1544.68 20.61 555.79 1048.14 212.82 6818.49 14660.74 6732.14 15987.12 11415.2 27 33 21 20 45 21 32 37 23 30 21 29 21 54 26 28 34 35 25 20 32 25 31 25 29 5 44 6 31 9 510.28 0.8 8.79 3.79 -0.02 -0.03 0.23 -0.72 0.0 0.4 -0.15 -0.29 -0.68 -0.23 0.47 -0.41 0.72 0.62 0.64 0.18 -0.44 0.32 0.64 0.16 0.77 -0.65 -0.1 0.24 -0.45 0.25 
24 732.29 587.67 1061.59 7.4 454.1 1267.68 516.53 235.88 27.37 423.27 1366.14 255.76 1660.0 1010.52 1476.13 929.76 143.07 950.02 1487.7 1029.75 1527.73 19.65 546.89 1042.3 147.11 6808.49 14662.74 6852.14 16250.93 11393.12 30 37 24 20 46 22 33 38 27 31 23 31 22 56 30 34 35 35 29 21 36 26 34 26 32 5 30 1 8 13 190.68 0.84 3.06 1.63 0.0 -0.09 0.29 -0.81 -0.12 0.5 -0.18 -0.42 -0.76 -0.29 0.6 -0.47 0.9 0.53 0.76 0.21 -0.54 0.3 0.76 0.24 0.87 -0.75 -0.15 0.3 -0.59 0.29 
25 730.74 578.82 1060.7 7.41 454.0 1269.22 516.56 235.35 7.93 417.1 1360.85 254.27 1643.31 1004.52 1475.08 913.58 121.31 951.92 1490.4 1030.81 1514.76 33.1 544.97 1043.38 144.4 6863.47 14682.74 6842.14 16272.27 11396.12 31 38 25 20 46 23 35 38 27 32 23 31 22 56 30 35 36 35 30 22 36 26 34 26 34 3 0 1 15 0 309.54 0.92 23.15 1.12 0.0 -0.16 0.38 -0.92 -0.28 0.63 -0.25 -0.57 -0.89 -0.38 0.74 -0.58 1.08 0.43 0.91 0.24 -0.72 0.29 0.92 0.33 0.98 -0.86 -0.21 0.37 -0.71 0.35 
26 704.15 551.92 1034.77 7.42 454.91 1243.7 461.48 235.82 9.8 410.92 1370.28 254.78 1646.6 1006.53 1478.03 908.39 93.5 953.83 1486.36 1004.81 1517.78 33.17 546.06 1045.47 88.57 6871.6 14668.02 6859.19 16514.27 11386.12 32 39 25 20 46 24 36 39 27 32 23 31 22 56 30 35 36 36 31 22 37 27 35 26 34 3 4 1 6 0 210.68 0.96 20.5 2.0 -0.06 -0.05 0.07 -0.69 0.0 0.17 -0.16 -0.26 -0.58 -0.24 0.26 -0.36 0.42 0.52 0.43 0.14 -0.39 0.17 0.44 0.0 0.55 -0.58 -0.12 0.09 -0.42 0.21 
27 686.2 524.97 1036.84 7.44 455.82 1218.13 434.35 208.24 9.82 411.74 1373.02 255.29 1649.89 1008.54 1480.98 910.21 93.68 927.68 1485.33 1006.82 1516.81 29.23 519.1 1047.56 88.75 6873.6 14656.13 6874.19 16670.37 11374.23 32 39 25 20 47 24 37 39 27 32 24 31 23 56 30 35 37 37 31 22 37 27 35 27 34 0 5 0 1 1 255.34 0.76 20.29 3.24 -0.04 -0.05 0.11 -0.7 0.0 0.22 -0.16 -0.28 -0.6 -0.24 0.32 -0.36 0.5 0.54 0.5 0.16 -0.41 0.19 0.52 0.04 0.63 -0.58 -0.12 0.13 -0.44 0.22 
28 687.58 558.76 1038.91 10.99 437.7 1220.57 424.2 208.65 9.84 439.85 1356.73 255.8 1625.14 1010.56 1483.95 912.03 74.83 910.49 1503.19 1035.93 1519.85 29.29 520.14 1030.62 88.93 6813.53 14679.86 6863.18 16679.37 11391.23 33 39 25 21 47 24 39 41 27 33 25 32 24 56 32 35 40 38 31 22 37 28 37 27 34 12 21 1 0 1 311.22 0.72 10.16 2.97 -0.04 -0.03 0.11 -0.7 0.0 0.23 -0.16 -0.28 -0.6 -0.22 0.33 -0.36 0.5 0.54 0.5 0.17 -0.41 0.19 0.53 0.07 0.63 -0.59 -0.12 0.13 -0.44 0.22 
29 716.9 571.1 1040.99 0.99 438.57 1223.01 405.01 192.04 9.86 445.32 1337.4 249.3 1618.37 1012.58 1469.88 913.85 38.91 902.3 1518.61 1038.0 1526.61 22.33 515.42 1059.91 89.11 6922.6 14590.97 6874.25 16666.89 11397.23 33 39 26 21 48 24 39 42 27 33 26 32 26 56 32 36 40 39 31 22 39 29 38 27 34 1 53 1 1 0 352.1 0.72 21.25 2.58 0.0 -0.08 0.23 -0.8 -0.13 0.39 -0.24 -0.42 -0.73 -0.26 0.51 -0.45 0.77 0.5 0.71 0.21 -0.58 0.22 0.74 0.2 0.81 -0.71 -0.15 0.27 -0.59 0.28 
30 718.34 572.24 1021.03 6.3 417.4 1225.45 405.82 170.38 21.0 446.21 1346.22 249.8 1577.51 1014.61 1472.82 932.89 45.65 894.82 1521.65 1040.08 1485.58 0.33 494.41 1065.05 89.29 6847.63 14822.97 6863.3 16650.02 11375.93 34 42 29 23 51 28 42 45 31 34 29 33 27 57 37 37 41 42 32 25 43 29 41 30 36 22 42 2 9 8 383.82 0.68 5.53 1.6 -0.01 -0.03 0.09 -0.69 0.0 0.21 -0.14 -0.26 -0.59 -0.2 0.32 -0.35 0.48 0.53 0.5 0.18 -0.38 0.2 0.52 0.05 0.61 -0.57 -0.09 0.14 -0.44 0.21 
31 718.77 585.35 1017.37 4.31 397.2 1223.9 411.65 167.71 19.83 447.08 1333.88 237.27 1579.67 997.6 1446.71 906.7 44.74 856.23 1526.17 1039.15 1427.43 0.33 486.01 1052.15 75.44 6865.63 14800.9 6894.49 16757.02 11459.99 41 45 32 23 54 33 43 47 32 35 31 34 28 59 39 37 42 43 41 27 44 29 44 30 36 21 33 3 0 4 963.87 0.68 17.24 2.38 0.0 -0.1 0.3 -0.86 -0.25 0.52 -0.29 -0.54 -0.79 -0.3 0.65 -0.54 0.91 0.45 0.82 0.23 -0.7 0.2 0.88 0.3 0.84 -0.82 -0.21 0.34 -0.7 0.32 
32 593.9 535.42 975.45 4.32 359.89 1137.17 396.44 135.98 13.1 431.94 1312.15 218.71 1566.79 964.52 1417.54 908.52 28.79 841.91 1357.88 1009.17 1441.07 0.33 450.16 1054.26 87.51 7252.64 15189.97 6882.55 16747.02 11449.99 44 46 34 23 56 34 43 51 33 38 32 35 30 60 40 39 44 44 43 28 46 29 46 34 38 2 36 5 0 4 710.18 0.6 14.1 2.86 -0.01 0.0 0.16 -0.69 -0.02 0.3 -0.13 -0.28 -0.57 -0.21 0.41 -0.39 0.56 0.51 0.59 0.18 -0.43 0.21 0.57 0.12 0.68 -0.62 -0.08 0.2 -0.46 0.22 
33 556.01 525.33 951.35 4.33 330.54 1126.42 401.25 84.15 0.1 391.61 1302.44 213.38 1543.88 947.41 1407.35 892.15 33.23 873.12 1334.55 998.16 1411.89 11.15 425.01 1004.26 61.63 7266.88 15510.22 6967.55 16736.11 11437.22 47 48 36 23 57 36 45 52 33 39 33 37 31 62 43 43 45 48 44 29 52 30 48 38 42 5 42 0 1 7 625.3 0.68 9.18 3.64 0.0 -0.0 0.22 -0.72 -0.05 0.37 -0.14 -0.32 -0.6 -0.21 0.49 -0.4 0.67 0.52 0.68 0.23 -0.44 0.27 0.65 0.18 0.75 -0.64 -0.09 0.26 -0.49 0.24 
34 544.63 512.35 939.22 4.33 312.16 1102.62 376.0 77.31 11.21 373.35 1324.86 187.75 1539.95 935.28 1371.08 865.88 26.28 885.11 1342.61 993.14 1397.16 4.15 430.63 986.28 9.65 7130.62 15794.22 6955.53 16742.11 11556.2 48 49 36 23 60 37 45 54 34 41 34 40 31 62 47 45 47 50 47 31 54 30 50 40 42 46 0 1 0 2 549.74 0.6 10.08 2.99 0.0 -0.02 0.3 -0.78 -0.14 0.47 -0.19 -0.43 -0.68 -0.25 0.67 -0.46 0.87 0.54 0.81 0.29 -0.55 0.36 0.79 0.29 0.92 -0.71 -0.11 0.37 -0.6 0.28 
35 541.39 537.03 941.1 39.71 312.7 1094.8 376.75 57.42 1.22 361.85 1340.49 171.4 1543.03 937.15 1333.74 847.57 6.3 883.86 1315.24 975.09 1379.91 16.78 417.09 968.22 9.67 7387.62 15784.22 6862.22 16725.65 11545.22 50 52 40 23 61 42 46 56 34 43 34 42 32 63 49 47 47 51 49 33 55 31 53 42 42 39 0 34 4 3 567.16 0.8 13.6 1.69 -0.01 0.0 0.26 -0.74 -0.11 0.42 -0.19 -0.42 -0.67 -0.25 0.63 -0.44 0.8 0.52 0.75 0.26 -0.53 0.35 0.74 0.25 0.87 -0.69 -0.11 0.33 -0.58 0.27 
36 516.42 499.03 890.88 46.86 300.3 1034.11 364.48 31.48 1.22 338.48 1343.17 145.69 1529.2 926.0 1310.36 823.21 10.11 872.6 1291.82 938.96 1369.65 3.78 378.85 944.1 9.69 7367.78 15770.55 7293.25 16759.93 11584.25 51 52 40 24 61 42 46 57 34 43 34 42 33 64 50 48 47 52 49 33 56 31 53 42 42 45 2 1 4 2 122.84 0.92 12.0 1.0 -0.01 0.0 0.19 -0.7 -0.06 0.33 -0.18 -0.34 -0.62 -0.23 0.5 -0.41 0.63 0.48 0.64 0.21 -0.46 0.3 0.62 0.15 0.76 -0.65 -0.09 0.26 -0.52 0.24 
37 498.42 500.03 892.66 39.94 300.9 1036.18 365.2 18.52 1.22 339.15 1345.86 145.98 1516.22 920.84 1293.94 811.83 10.13 874.99 1294.4 940.84 1365.37 11.0 379.61 945.99 9.71 7356.93 15785.7 7298.4 16768.29 11609.6 53 52 40 25 63 44 48 58 34 44 36 44 33 65 50 48 47 53 49 37 57 31 54 43 42 46 1 1 11 3 563.19 0.88 20.75 3.75 -0.01 0.0 0.22 -0.71 -0.08 0.37 -0.18 -0.37 -0.64 -0.24 0.56 -0.42 0.7 0.5 0.68 0.23 -0.49 0.33 0.67 0.19 0.81 -0.66 -0.1 0.29 -0.54 0.25 
38 458.33 501.03 894.45 31.24 257.42 994.17 321.85 17.56 1.22 356.76 1304.46 102.19 1519.26 903.64 1296.53 826.54 10.15 857.71 1296.99 854.55 1346.06 11.02 358.32 925.84 9.73 7491.58 15769.17 7286.75 16997.64 11656.6 53 53 40 26 64 44 49 58 34 45 36 45 33 66 50 48 47 54 49 37 58 32 55 43 42 51 3 1 1 0 282.51 0.84 22.27 1.97 -0.01 0.0 0.09 -0.65 -0.01 0.21 -0.17 -0.23 -0.55 -0.2 0.3 -0.36 0.39 0.43 0.48 0.15 -0.38 0.24 0.46 0.03 0.6 -0.59 -0.06 0.15 -0.44 0.2 
39 459.25 482.99 896.24 12.27 229.87 996.15 294.43 17.59 1.23 338.43 1307.07 74.34 1527.38 879.6 1299.12 828.2 10.17 831.36 1299.58 856.26 1337.47 14.54 349.02 927.69 9.75 7647.55 15809.57 7283.03 16988.18 11630.9 53 57 42 27 67 45 50 61 34 47 37 45 35 68 52 51 48 58 50 38 59 33 58 43 43 47 4 2 4 8 347.58 0.6 5.5 3.25 -0.01 0.0 0.07 -0.64 -0.0 0.19 -0.17 -0.21 -0.54 -0.19 0.27 -0.35 0.36 0.41 0.45 0.14 -0.36 0.22 0.44 0.01 0.58 -0.56 -0.05 0.13 -0.43 0.19 
40 460.17 475.41 890.01 8.28 218.31 1007.65 323.11 6.53 19.76 331.09 1321.01 89.01 1510.39 873.35 1293.71 805.8 6.19 817.0 1304.38 841.94 1330.13 10.56 330.93 929.54 13.71 7757.55 15863.57 7290.56 16882.16 11607.81 53 58 46 27 68 50 51 61 35 48 38 45 39 69 52 52 48 60 51 46 59 33 60 47 43 17 0 2 30 15 648.42 0.84 16.32 1.37 -0.05 0.0 0.42 -0.8 -0.26 0.59 -0.24 -0.57 -0.74 -0.25 0.93 -0.57 1.16 0.58 1.0 0.38 -0.66 0.44 1.0 0.33 1.1 -0.76 -0.18 0.48 -0.68 0.33 
41 463.94 460.33 838.96 8.3 199.71 926.5 307.73 6.55 9.77 315.72 1307.62 89.19 1449.28 859.06 1296.29 791.38 6.2 792.87 1290.96 715.37 1332.79 10.58 299.53 863.28 13.74 7841.6 15849.44 7299.61 17330.72 11621.87 57 59 47 27 68 50 52 61 35 48 39 46 41 71 53 52 48 60 52 46 60 33 61 47 43 13 4 1 15 15 338.31 0.72 14.76 2.93 -0.06 0.0 0.13 -0.68 -0.07 0.24 -0.19 -0.29 -0.59 -0.22 0.37 -0.41 0.48 0.41 0.52 0.17 -0.44 0.26 0.51 0.04 0.63 -0.61 -0.09 0.16 -0.49 0.22 
42 415.77 451.23 831.03 8.32 216.09 928.36 298.32 6.56 9.79 316.36 1305.96 111.11 1429.27 810.68 1288.87 792.97 6.21 794.45 1265.48 720.81 1333.82 10.6 290.11 865.01 13.76 7930.67 15926.51 7213.01 17319.79 11666.94 59 60 48 27 71 54 53 61 35 49 40 47 42 72 54 54 48 60 52 46 61 33 63 49 44 4 1 27 16 14 463.07 0.68 12.77 2.96 -0.05 0.0 0.15 -0.69 -0.08 0.26 -0.19 -0.31 -0.6 -0.22 0.42 -0.4 0.54 0.41 0.57 0.18 -0.46 0.27 0.54 0.06 0.68 -0.62 -0.1 0.18 -0.51 0.23 
43 396.56 464.56 822.67 43.7 213.44 854.06 290.9 25.17 9.81 306.97 1298.55 101.32 1422.1 792.47 1281.42 762.49 21.44 804.55 1268.01 722.25 1326.47 10.63 270.65 834.67 3.77 7920.67 15930.7 7287.95 17304.99 11763.54 61 66 49 28 72 54 56 63 37 50 42 48 43 74 55 54 49 62 53 47 62 34 65 55 44 4 3 46 18 13 452.99 0.76 9.34 2.14 -0.07 0.0 0.17 -0.68 -0.09 0.25 -0.21 -0.35 -0.63 -0.24 0.47 -0.43 0.59 0.39 0.6 0.18 -0.48 0.28 0.57 0.06 0.71 -0.65 -0.13 0.19 -0.54 0.24 
44 417.81 405.37 799.27 27.76 197.84 855.77 255.41 17.2 1.82 282.53 1306.55 85.49 1420.94 786.03 1279.98 767.29 36.5 798.14 1267.78 707.66 1304.07 6.64 267.88 764.2 3.78 7985.67 15918.82 7310.78 17294.99 11960.6 65 69 52 29 77 56 61 64 37 53 46 50 46 77 55 58 50 64 56 51 65 34 66 62 44 1 5 52 18 1 778.79 0.88 11.88 1.11 -0.03 0.0 0.23 -0.72 -0.15 0.33 -0.24 -0.41 -0.66 -0.27 0.66 -0.48 0.78 0.45 0.76 0.24 -0.52 0.35 0.73 0.12 0.84 -0.68 -0.14 0.25 -0.59 0.27 
45 366.55 370.11 761.79 20.98 142.12 843.44 190.79 4.21 1.82 247.03 1257.06 87.28 1384.7 751.53 1282.54 716.72 23.54 785.71 1243.27 672.01 1255.58 6.65 255.39 674.54 3.79 7977.9 15951.63 7975.89 17281.03 11975.6 67 70 53 30 77 58 62 66 37 53 50 50 47 77 55 59 50 65 60 53 67 35 67 63 45 2 6 1 21 0 105.13 0.68 1.0 2.71 -0.04 0.0 0.16 -0.69 -0.11 0.27 -0.23 -0.36 -0.63 -0.26 0.52 -0.43 0.62 0.4 0.63 0.18 -0.48 0.3 0.6 0.07 0.7 -0.65 -0.13 0.19 -0.56 0.25 
46 365.28 369.84 762.31 20.02 156.39 843.13 190.17 2.22 3.68 247.52 1255.57 87.46 1386.47 753.04 1285.1 733.5 23.59 794.79 1241.74 671.35 1260.74 9.27 281.21 674.89 3.78 7968.08 15893.17 7955.75 17283.24 11964.7 68 72 53 30 78 59 63 66 37 54 51 50 48 77 56 60 50 66 60 54 67 35 68 64 45 2 15 6 6 1 256.99 0.92 15.8 1.48 -0.02 0.0 0.85 -0.89 -0.47 1.05 -0.43 -0.84 -0.91 -0.32 1.97 -0.69 2.26 0.89 2.05 0.8 -0.83 0.95 1.96 0.65 2.02 -0.9 -0.21 0.68 -0.89 0.45 
47 362.0 344.53 763.84 20.06 137.67 819.76 165.5 2.22 16.65 244.01 1254.07 87.63 1385.24 754.54 1262.62 709.92 23.64 771.33 1244.23 647.64 1263.26 9.29 277.77 661.26 3.79 7987.13 15882.16 7968.74 17421.22 11972.7 70 72 53 31 79 59 66 66 37 55 52 52 48 79 57 61 51 66 61 55 67 36 68 65 45 9 16 1 2 1 442.44 0.68 15.55 3.06 -0.03 0.0 0.08 -0.67 -0.08 0.18 -0.22 -0.29 -0.59 -0.26 0.39 -0.41 0.45 0.33 0.45 0.12 -0.45 0.22 0.48 0.01 0.57 -0.62 -0.09 0.13 -0.52 0.22 
48 324.65 382.64 765.36 4.06 129.9 821.4 117.74 2.23 16.69 229.19 1259.71 77.53 1388.01 723.99 1249.12 695.31 7.65 772.88 1230.68 647.94 1274.18 5.3 278.32 670.75 3.8 7977.13 16128.16 7853.12 17415.4 11987.7 70 72 55 31 79 61 68 66 38 57 53 53 49 80 59 63 51 68 62 56 67 36 71 65 45 9 0 43 2 0 474.21 0.92 19.25 1.0 -0.06 0.0 0.06 -0.68 -0.1 0.16 -0.24 -0.32 -0.61 -0.28 0.38 -0.41 0.42 0.3 0.42 0.09 -0.47 0.2 0.45 0.0 0.54 -0.62 -0.11 0.12 -0.53 0.22 
49 330.99 383.4 716.79 4.07 130.16 796.99 67.87 2.23 6.7 203.59 1249.2 52.63 1377.76 715.42 1213.54 653.14 7.67 724.32 1220.12 624.18 1276.73 5.31 215.75 672.1 3.81 8080.05 16116.27 8167.18 17424.45 11973.34 72 72 55 31 80 63 69 66 38 57 55 53 50 81 60 63 51 69 64 57 70 36 71 68 45 4 2 31 1 4 473.64 0.76 17.0 4.04 -0.01 0.04 0.04 -0.65 -0.03 0.16 -0.19 -0.25 -0.57 -0.24 0.33 -0.37 0.36 0.33 0.38 0.1 -0.42 0.19 0.42 0.0 0.51 -0.59 -0.07 0.13 -0.49 0.2 
50 311.61 388.85 718.23 30.61 108.38 754.5 51.98 2.24 6.71 204.0 1216.63 52.74 1370.49 700.82 1206.49 654.45 7.68 735.27 1190.5 613.41 1225.17 54.88 216.19 613.32 3.81 8145.68 16150.27 8217.65 17439.45 11998.61 72 72 55 33 82 64 69 67 38 57 55 54 50 82 61 63 52 69 65 57 71 38 73 69 45 5 0 46 0 2 274.51 0.72 10.18 3.51 -0.03 0.02 0.04 -0.65 -0.07 0.15 -0.23 -0.29 -0.59 -0.26 0.36 -0.4 0.4 0.31 0.41 0.09 -0.45 0.21 0.44 0.0 0.53 -0.58 -0.1 0.12 -0.51 0.21 
51 326.48 389.62 719.66 10.63 91.56 739.98 52.08 12.4 23.4 210.26 1219.07 48.84 1373.23 686.19 1192.88 681.93 6.7 736.74 1210.49 614.64 1211.59 46.96 184.55 598.51 3.82 8134.99 16134.72 8295.63 17414.11 11993.69 74 73 60 35 83 68 71 70 40 60 57 56 54 83 65 65 53 71 68 60 77 40 77 70 45 2 2 54 5 1 418.29 0.8 5.79 3.64 -0.06 0.0 0.14 -0.69 -0.17 0.24 -0.33 -0.38 -0.63 -0.3 0.58 -0.47 0.68 0.35 0.62 0.18 -0.52 0.28 0.67 0.06 0.72 -0.61 -0.17 0.16 -0.59 0.26 
52 326.71 386.39 701.06 5.64 75.71 725.42 44.17 0.4 3.41 198.65 1213.49 40.92 1359.95 683.55 1179.23 675.28 2.7 738.71 1200.89 603.85 1201.15 39.03 128.88 577.67 3.83 8074.19 16155.02 8501.63 17512.41 11979.6 76 76 60 35 84 69 73 70 40 61 58 57 54 84 65 66 53 72 69 60 78 41 79 70 45 15 1 0 1 3 487.98 0.56 17.05 2.2 -0.07 0.0 0.3 -0.74 -0.31 0.38 -0.44 -0.5 -0.71 -0.33 0.91 -0.55 1.07 0.44 0.92 0.3 -0.62 0.42 0.97 0.18 1.04 -0.67 -0.29 0.21 -0.67 0.32 
53 295.3 342.81 739.77 16.26 65.79 725.87 39.28 0.4 11.75 188.86 1199.88 24.97 1374.87 678.83 1181.59 662.77 2.71 724.15 1175.24 617.1 1187.52 23.07 85.05 578.82 3.84 8304.19 16160.1 8348.34 17503.41 12050.83 78 76 61 35 86 69 73 70 41 62 62 60 60 85 67 67 54 74 72 62 79 44 80 71 46 0 1 63 0 3 441.04 0.56 7.0 2.61 -0.03 0.0 0.08 -0.63 -0.09 0.16 -0.22 -0.27 -0.58 -0.25 0.34 -0.39 0.4 0.29 0.4 0.09 -0.45 0.19 0.44 0.0 0.54 -0.56 -0.13 0.08 -0.53 0.2 
54 300.84 343.5 734.24 42.82 51.9 734.08 39.35 3.19 4.76 182.23 1180.93 12.14 1335.53 673.18 1169.92 657.09 28.34 711.57 1156.54 610.31 1174.17 20.1 104.52 591.12 2.84 8292.38 16174.14 8582.44 17333.67 12039.19 81 78 62 37 87 73 76 71 42 64 63 60 61 86 69 67 57 76 73 64 79 46 81 73 46 2 1 29 59 5 199.82 0.88 4.87 1.24 -0.03 0.0 0.33 -0.67 -0.25 0.39 -0.37 -0.44 -0.67 -0.3 0.84 -0.51 1.01 0.45 0.87 0.29 -0.54 0.4 0.9 0.19 0.97 -0.63 -0.24 0.24 -0.63 0.3 
55 253.35 342.18 734.71 34.89 29.96 707.49 36.43 2.19 3.77 180.59 1188.04 12.17 1316.16 670.51 1167.25 658.4 25.39 707.99 1136.81 609.53 1179.31 24.44 103.73 590.3 2.85 8289.48 16185.24 8595.61 17432.74 12038.93 84 82 65 40 90 77 79 71 42 66 68 61 63 88 73 71 59 81 75 70 85 48 83 75 46 1 1 6 55 8 697.33 0.64 7.81 4.12 -0.1 0.0 0.44 -0.7 -0.37 0.47 -0.44 -0.52 -0.71 -0.32 1.07 -0.58 1.23 0.51 1.08 0.36 -0.58 0.49 1.07 0.28 1.17 -0.66 -0.31 0.31 -0.69 0.34 
56 229.81 356.9 712.13 40.44 8.97 685.36 15.46 2.2 3.77 166.92 1140.32 5.18 1298.75 654.82 1141.53 662.19 27.43 684.55 1119.05 553.64 1139.58 7.46 93.67 582.49 11.8 8283.48 16105.19 8589.7 17801.37 12108.93 84 84 67 43 90 79 79 72 42 67 70 61 63 88 73 72 59 82 76 72 88 49 85 77 46 0 18 19 2 0 534.81 0.56 13.58 2.81 -0.11 0.0 0.22 -0.65 -0.29 0.29 -0.37 -0.44 -0.67 -0.32 0.68 -0.52 0.8 0.35 0.72 0.22 -0.51 0.32 0.71 0.1 0.81 -0.62 -0.26 0.17 -0.63 0.28 
57 230.27 326.49 691.85 7.46 8.99 678.31 39.56 6.78 3.78 151.22 1141.2 14.27 1301.35 656.13 1143.81 676.93 42.7 669.88 1120.28 516.67 1093.77 31.7 76.82 545.58 19.77 8270.57 16099.2 8882.71 17835.37 11922.02 86 84 69 43 91 81 79 72 42 68 70 61 65 89 74 74 61 84 77 74 89 50 86 78 47 3 14 1 0 60 307.57 0.96 11.62 2.0 -0.07 0.0 0.09 -0.6 -0.16 0.19 -0.24 -0.33 -0.61 -0.28 0.43 -0.43 0.47 0.26 0.46 0.13 -0.42 0.22 0.47 0.02 0.56 -0.52 -0.16 0.08 -0.56 0.22 
58 180.63 327.14 691.23 7.47 8.01 653.62 39.64 12.37 3.79 138.5 1143.48 14.3 1301.95 656.44 1145.1 676.28 40.78 621.12 1097.47 467.6 1094.95 6.71 51.93 521.62 18.81 8335.57 16099.49 8885.71 17825.37 12110.16 91 87 73 44 92 86 82 73 42 68 71 63 67 91 74 75 63 84 81 75 95 51 91 81 49 0 2 0 0 53 402.48 0.88 6.89 1.49 -0.09 0.0 0.15 -0.61 -0.18 0.22 -0.27 -0.35 -0.62 -0.29 0.5 -0.45 0.58 0.3 0.54 0.18 -0.42 0.23 0.53 0.02 0.63 -0.55 -0.19 0.1 -0.57 0.23 
59 147.82 306.75 664.56 3.48 9.0 619.86 18.68 5.38 3.8 152.42 1138.75 0.3 1290.52 643.73 1147.39 670.62 26.83 622.37 1071.61 461.52 1055.06 2.72 16.96 501.63 4.82 8325.57 16096.49 8868.93 17814.37 12456.45 92 87 73 44 92 88 84 74 43 69 71 63 69 92 75 75 63 85 82 75 95 52 91 82 49 0 1 4 1 10 253.87 0.8 9.06 3.6 -0.14 0.0 0.29 -0.66 -0.29 0.34 -0.36 -0.44 -0.68 -0.31 0.8 -0.52 0.93 0.4 0.83 0.31 -0.49 0.33 0.8 0.08 0.89 -0.61 -0.29 0.17 -0.62 0.29 
60 143.16 307.36 665.89 3.49 9.02 577.01 16.71 4.39 7.43 159.51 1141.03 0.3 1273.06 622.97 1148.68 671.96 26.89 622.61 1045.7 462.44 1094.45 1.72 59.29 501.63 4.83 8315.57 16007.57 8945.95 17822.4 12456.45 92 88 73 44 92 89 84 74 43 70 72 63 69 94 76 75 63 86 82 76 96 52 92 83 49 0 30 1 1 0 319.06 0.96 26.25 1.0 -0.11 0.0 0.21 -0.63 -0.23 0.25 -0.29 -0.38 -0.64 -0.28 0.63 -0.48 0.73 0.33 0.67 0.23 -0.45 0.27 0.63 0.04 0.78 -0.57 -0.19 0.14 -0.59 0.26 
61 143.44 279.92 667.22 3.49 9.04 550.11 16.74 4.4 7.45 131.78 1115.26 0.3 1279.67 589.14 1122.92 673.3 26.94 595.8 1047.79 435.31 1068.58 1.73 31.35 474.57 4.83 8304.55 16277.57 8960.91 17819.4 12446.45 93 88 73 44 92 89 84 74 43 70 72 63 69 94 76 75 63 86 84 77 96 52 92 83 49 1 20 3 0 0 162.4 0.76 11.5 3.18 0.0 0.01 0.01 -0.55 -0.05 0.13 -0.13 -0.24 -0.56 -0.23 0.17 -0.35 0.21 0.19 0.22 0.03 -0.34 0.12 0.25 -0.05 0.4 -0.47 -0.04 0.04 -0.5 0.16 
62 145.26 280.48 696.53 42.41 9.06 551.21 22.8 4.41 7.46 161.27 1117.49 0.3 1282.23 590.32 1125.17 674.65 27.0 596.99 1035.86 411.13 1070.72 1.73 31.42 475.52 10.81 8319.55 16207.17 8969.91 17809.4 12382.45 93 89 76 47 93 90 85 76 45 71 72 63 72 96 77 78 64 88 85 77 98 52 96 83 51 0 40 1 0 17 213.37 0.76 3.17 2.68 -0.06 0.0 0.19 -0.58 -0.17 0.22 -0.23 -0.34 -0.61 -0.25 0.51 -0.44 0.61 0.29 0.55 0.19 -0.42 0.23 0.55 0.0 0.68 -0.54 -0.16 0.11 -0.56 0.23 
63 145.55 280.04 694.92 27.46 8.07 545.29 21.84 2.42 24.0 160.59 1129.31 0.3 1272.82 590.74 1126.42 666.98 26.05 572.13 1036.93 411.96 1076.45 51.29 27.47 476.47 2.81 8309.55 16217.44 8933.14 17796.58 12396.38 94 91 77 49 93 90 86 76 46 72 73 63 76 97 79 78 65 89 86 77 99 53 98 84 51 0 20 17 3 21 390.44 0.88 14.8 1.99 -0.22 0.0 0.67 -0.69 -0.46 0.48 -0.48 -0.57 -0.7 -0.31 1.42 -0.64 1.67 0.59 1.44 0.63 -0.59 0.51 1.32 0.17 1.47 -0.62 -0.41 0.32 -0.71 0.38 
64 132.82 254.55 683.28 1.46 8.09 546.38 8.86 5.21 2.0 147.88 1128.12 0.3 1196.21 578.89 1093.6 668.31 13.07 560.25 1025.98 412.78 1065.57 46.48 1.47 464.4 2.82 8298.62 16467.44 8923.14 17786.58 12476.87 96 91 80 49 94 93 86 76 46 76 73 63 76 98 80 79 66 92 90 81 99 54 98 86 51 1 0 17 3 26 416.8 0.88 13.0 1.3 -0.02 0.03 0.17 -0.53 -0.11 0.21 -0.17 -0.27 -0.56 -0.22 0.42 -0.4 0.5 0.3 0.46 0.17 -0.37 0.21 0.48 0.0 0.63 -0.46 -0.06 0.1 -0.51 0.2 
65 104.02 255.06 633.65 1.47 1.09 517.42 8.88 5.22 2.01 96.08 1130.38 0.3 1198.6 575.25 1088.77 662.64 6.09 530.8 963.9 361.5 1067.71 30.54 1.48 433.27 2.82 8305.02 16457.44 9184.3 17815.58 12529.52 98 91 83 49 94 93 86 76 46 76 74 63 76 99 81 79 66 93 92 81 100 56 98 88 51 5 0 1 0 22 456.99 0.6 20.88 2.16 -0.04 0.02 0.18 -0.55 -0.14 0.22 -0.2 -0.3 -0.58 -0.23 0.47 -0.42 0.55 0.31 0.5 0.19 -0.39 0.22 0.51 0.0 0.66 -0.48 -0.1 0.1 -0.53 0.21 
66 60.14 255.57 568.79 5.89 1.09 518.45 13.91 12.67 2.01 99.19 1127.84 0.3 1201.0 584.19 1068.91 663.96 6.1 512.37 921.74 362.23 1066.44 4.55 29.68 390.04 9.78 8364.23 16397.19 9177.41 17805.58 12708.46 102 94 88 49 94 96 87 77 46 77 77 63 79 108 90 82 66 96 102 87 102 56 101 89 52 20 22 1 0 28 802.64 0.84 10.72 2.1 0.0 0.02 0.09 -0.51 -0.07 0.17 -0.14 -0.24 -0.54 -0.2 0.27 -0.38 0.32 0.26 0.31 0.1 -0.34 0.17 0.35 -0.03 0.5 -0.44 -0.01 0.06 -0.49 0.17 
67 23.19 226.96 531.85 5.9 1.1 498.45 6.92 5.68 2.02 92.37 1103.04 0.3 1173.34 456.1 942.07 644.25 14.67 489.35 793.32 308.84 1054.54 4.56 19.6 383.81 2.79 8550.48 16739.19 9164.42 17793.71 12874.45 102 95 89 49 94 100 87 77 46 77 78 63 79 109 90 82 66 98 103 87 103 56 101 90 52 2 0 7 1 10 389.77 0.52 18.77 1.99 -0.1 0.0 0.19 -0.57 -0.18 0.24 -0.24 -0.33 -0.6 -0.26 0.56 -0.45 0.64 0.31 0.54 0.23 -0.42 0.23 0.53 0.01 0.74 -0.51 -0.11 0.08 -0.55 0.23 
68 38.43 208.37 519.05 5.91 8.09 423.29 6.94 5.69 11.28 92.56 1086.21 6.65 1175.68 437.98 943.95 645.54 14.7 458.21 795.73 309.46 1046.21 14.48 25.28 397.81 26.64 8577.63 16728.34 9150.01 17674.38 13040.11 104 100 92 50 96 105 88 78 46 79 82 64 83 110 95 86 67 101 107 89 107 59 106 93 55 1 1 12 53 15 567.63 0.68 6.09 3.01 0.0 0.02 0.12 -0.53 -0.09 0.18 -0.16 -0.26 -0.55 -0.21 0.31 -0.39 0.36 0.27 0.35 0.12 -0.36 0.18 0.4 -0.01 0.53 -0.45 -0.02 0.07 -0.49 0.18 
69 30.49 161.69 508.07 1.92 18.08 359.01 2.94 48.2 11.31 84.73 1075.23 2.66 1143.97 434.85 907.76 612.76 10.72 447.1 787.17 310.09 1037.86 27.71 5.29 386.59 32.48 8580.63 16579.34 9138.15 17871.46 13223.25 105 100 92 50 97 106 88 78 47 80 84 64 84 111 97 87 67 101 109 89 108 61 106 95 56 0 44 14 3 2 292.1 0.92 14.2 1.46 -0.14 0.0 0.39 -0.6 -0.22 0.3 -0.3 -0.32 -0.62 -0.27 1.04 -0.49 1.14 0.43 0.93 0.47 -0.46 0.38 0.87 0.11 1.19 -0.5 -0.16 0.24 -0.52 0.29 
70 20.53 162.02 509.09 1.92 8.09 349.71 2.95 48.29 1.31 74.88 1045.31 2.67 1136.24 425.7 889.54 585.93 10.74 453.1 768.7 313.72 1011.88 7.73 5.3 331.25 22.52 8569.63 16597.34 9267.15 17939.37 13245.25 105 101 93 50 97 107 88 78 47 80 85 64 85 111 97 88 67 101 109 89 109 61 107 95 56 1 43 1 4 0 241.72 0.76 23.88 1.85 -0.04 0.0 0.15 -0.55 -0.12 0.18 -0.21 -0.27 -0.58 -0.23 0.42 -0.42 0.48 0.27 0.44 0.15 -0.39 0.2 0.47 0.0 0.61 -0.45 -0.04 0.07 -0.48 0.2 
71 22.47 134.29 482.05 1.93 14.1 322.35 2.95 61.41 1.31 75.03 1019.35 2.67 1119.47 426.55 891.32 567.77 14.57 454.01 787.62 314.35 985.85 7.74 1.3 331.91 22.57 8547.61 16628.08 9275.15 18023.92 13234.26 106 102 96 51 99 108 89 80 47 81 94 64 88 112 102 90 68 104 110 92 110 62 107 96 57 9 47 1 9 1 631.79 0.68 11.47 2.92 -0.01 0.0 0.06 -0.53 -0.08 0.13 -0.17 -0.24 -0.56 -0.22 0.2 -0.4 0.24 0.21 0.26 0.05 -0.37 0.13 0.33 -0.04 0.41 -0.42 0.0 0.02 -0.47 0.17 
72 3.47 133.55 425.9 49.56 40.1 321.99 1.96 59.53 1.31 56.14 862.07 2.68 1124.8 408.36 815.95 551.87 19.3 399.5 788.19 275.9 986.82 6.76 18.23 316.56 9.53 8540.97 17088.16 9265.37 17925.33 13239.41 106 103 97 52 100 109 89 81 47 82 95 64 91 119 103 93 69 105 111 93 111 62 107 99 57 4 26 4 29 1 481.84 0.92 15.1 3.0 -0.06 0.0 0.17 -0.51 -0.1 0.2 -0.22 -0.25 -0.59 -0.24 0.49 -0.43 0.64 0.3 0.52 0.22 -0.39 0.22 0.57 0.02 0.73 -0.45 -0.04 0.09 -0.49 0.21 
73 3.48 114.78 435.07 30.62 21.14 306.6 1.96 58.64 1.32 43.23 862.79 2.68 1069.94 275.91 804.55 495.86 6.31 387.28 788.76 275.45 989.33 6.77 18.26 260.08 9.55 8556.92 17458.16 9252.58 17920.33 13245.41 106 105 102 53 102 109 89 83 47 83 96 64 92 120 104 94 70 109 113 95 115 63 107 101 59 9 6 5 24 0 322.46 0.92 8.42 1.5 -0.04 0.0 0.14 -0.51 -0.08 0.17 -0.19 -0.23 -0.57 -0.23 0.38 -0.42 0.46 0.24 0.41 0.14 -0.37 0.18 0.48 0.01 0.6 -0.44 -0.02 0.05 -0.48 0.19 
74 3.49 107.0 391.86 11.64 13.17 307.22 1.96 63.76 7.8 39.3 845.48 2.69 1068.07 248.41 802.15 492.84 2.32 372.02 773.31 267.98 927.18 2.78 18.3 228.54 1.56 8559.15 17561.24 9306.65 18005.4 13234.48 106 106 103 54 103 112 89 84 47 84 99 64 94 120 104 95 70 109 113 97 119 63 108 101 59 18 1 1 1 1 393.74 0.72 12.59 4.56 -0.1 0.0 0.26 -0.54 -0.12 0.24 -0.24 -0.23 -0.59 -0.26 0.67 -0.45 0.86 0.27 0.69 0.3 -0.4 0.3 0.74 0.08 0.91 -0.46 -0.07 0.09 -0.5 0.24 
75 26.28 94.18 401.38 1.65 0.17 280.02 7.99 95.5 7.82 31.23 808.09 2.69 1044.15 248.91 803.76 480.8 2.32 372.76 774.86 242.47 873.92 2.78 19.97 228.99 1.56 8783.15 17564.14 9260.2 17934.22 13235.48 107 106 103 54 103 113 89 84 48 85 99 64 94 121 105 95 70 110 114 98 120 63 108 101 59 0 1 10 14 1 310.93 0.76 22.9 3.01 -0.05 0.0 0.19 -0.52 -0.09 0.18 -0.21 -0.19 -0.58 -0.24 0.44 -0.43 0.56 0.23 0.48 0.17 -0.38 0.22 0.54 0.02 0.66 -0.44 -0.03 0.05 -0.48 0.2 
76 1.28 96.24 402.18 1.65 7.17 258.53 32.08 95.69 28.61 25.73 809.71 2.7 1046.24 224.35 780.31 481.76 2.33 348.46 751.35 217.9 850.62 2.79 21.89 229.45 1.56 8762.15 17561.14 9181.27 18123.22 13246.48 107 106 103 55 103 116 89 84 49 86 100 64 94 121 105 96 70 111 116 98 121 63 108 102 59 5 0 31 7 1 95.98 0.84 6.31 1.0 -0.02 0.01 0.11 -0.5 -0.05 0.14 -0.17 -0.19 -0.55 -0.21 0.23 -0.41 0.28 0.2 0.28 0.06 -0.36 0.15 0.35 -0.01 0.44 -0.42 0.0 0.02 -0.46 0.17 
77 1.28 96.44 402.98 0.65 8.18 247.03 32.14 95.89 36.0 15.76 804.18 2.7 1048.33 224.8 781.87 481.73 2.33 339.14 741.84 218.34 851.32 4.59 21.93 204.86 1.57 8801.25 17548.33 9170.35 18119.29 13253.05 107 108 107 55 103 116 91 86 50 88 101 64 97 124 107 97 70 113 118 100 123 63 110 102 59 1 3 32 1 9 413.08 0.64 9.82 2.06 -0.12 0.0 0.38 -0.55 -0.14 0.28 -0.22 -0.18 -0.55 -0.27 0.88 -0.47 1.15 0.29 0.89 0.42 -0.42 0.36 0.93 0.09 1.11 -0.47 -0.08 0.11 -0.51 0.27 
78 1.29 76.59 363.71 0.65 8.2 283.56 13.17 76.97 37.17 1.76 795.77 2.71 1020.37 195.19 763.4 472.67 6.14 326.58 738.17 198.74 840.44 11.81 1.93 205.27 1.57 8706.66 17538.33 9480.35 18113.29 13238.56 107 109 109 55 104 117 92 87 51 88 104 64 99 125 108 98 71 114 118 101 124 64 110 103 59 40 3 0 0 14 311.47 0.68 8.36 3.12 -0.07 0.0 0.24 -0.52 -0.1 0.25 -0.2 -0.19 -0.54 -0.24 0.57 -0.44 0.74 0.24 0.6 0.25 -0.39 0.26 0.67 0.04 0.8 -0.45 -0.05 0.06 -0.49 0.22 
79 1.29 72.73 356.42 16.57 4.2 280.12 36.27 76.83 9.19 1.77 785.34 2.71 966.3 204.84 760.92 495.78 2.14 331.74 739.65 195.13 838.11 25.85 16.98 177.63 1.57 8750.62 17540.33 9350.63 18103.29 13338.86 107 114 110 56 104 120 95 94 51 88 108 64 108 134 111 107 71 117 119 111 127 66 112 105 59 28 0 38 0 11 875.54 0.88 11.25 1.26 -0.09 0.0 0.29 -0.52 -0.11 0.28 -0.18 -0.18 -0.56 -0.25 0.68 -0.45 0.82 0.27 0.69 0.34 -0.39 0.31 0.75 0.06 0.9 -0.43 -0.05 0.06 -0.5 0.23 
80 1.29 7.75 350.12 3.58 4.21 247.61 3.27 5.7 9.21 1.77 758.85 2.72 854.0 88.01 726.37 391.56 2.15 305.35 737.84 62.25 818.74 11.87 2.98 151.93 5.55 8934.45 17530.33 9834.63 18089.14 13501.64 107 114 110 56 104 121 95 94 51 88 108 64 108 135 112 109 71 117 119 112 127 66 112 106 59 2 0 0 3 2 89.95 0.92 10.43 2.09 -0.07 0.0 0.23 -0.51 -0.09 0.24 -0.17 -0.18 -0.55 -0.23 0.53 -0.44 0.6 0.24 0.53 0.24 -0.38 0.26 0.61 0.02 0.74 -0.42 -0.02 0.03 -0.48 0.21 
81 1.29 7.76 350.82 16.85 4.22 235.08 3.28 5.71 9.22 1.77 760.37 2.72 855.71 75.16 717.8 378.31 2.15 305.96 743.04 52.35 820.38 11.9 2.99 139.21 5.56 8931.92 17520.33 9824.63 18112.85 13506.51 107 115 111 56 104 121 95 94 51 88 109 64 109 135 112 109 72 117 119 112 128 66 113 107 59 3 0 0 2 3 175.56 0.84 12.62 2.63 -0.07 0.0 0.25 -0.5 -0.09 0.25 -0.17 -0.18 -0.55 -0.23 0.58 -0.44 0.66 0.24 0.58 0.27 -0.38 0.28 0.66 0.02 0.79 -0.41 -0.02 0.04 -0.48 0.21 
82 1.3 6.78 326.47 16.88 4.23 235.55 3.29 5.72 9.24 1.78 745.86 2.73 832.37 98.52 719.24 379.07 1.16 344.02 744.52 52.46 811.58 11.92 10.45 123.45 5.57 8919.31 17509.39 9813.69 18088.58 13541.71 107 115 112 57 105 121 95 94 51 89 110 64 111 136 113 110 72 122 120 115 132 66 113 113 59 5 1 1 21 2 587.17 0.56 15.48 1.91 -0.07 0.0 0.18 -0.5 -0.1 0.21 -0.18 -0.18 -0.55 -0.24 0.45 -0.44 0.51 0.24 0.46 0.2 -0.38 0.25 0.54 0.01 0.66 -0.42 -0.01 0.01 -0.49 0.2 
83 1.3 23.63 314.1 3.89 3.24 236.02 3.29 8.53 25.93 0.78 775.1 9.09 795.96 88.52 719.67 368.42 10.67 249.52 726.98 25.53 737.05 38.98 10.47 9.47 7.57 8902.17 17486.68 9809.3 18392.98 13542.37 107 118 113 57 105 122 96 95 53 89 111 66 121 140 123 113 74 124 124 118 142 70 114 113 60 11 12 9 33 11 552.32 0.92 8.23 2.0 -0.06 0.03 0.16 -0.5 -0.07 0.2 -0.16 -0.17 -0.54 -0.22 0.41 -0.43 0.43 0.25 0.4 0.18 -0.36 0.21 0.47 0.03 0.58 -0.4 0.0 -0.0 -0.48 0.19 
84 1.3 13.12 301.7 3.9 3.24 223.47 2.3 3.39 11.96 0.78 775.64 1.09 715.39 69.66 605.88 339.1 5.68 229.98 706.39 4.54 620.29 4.99 9.49 9.49 6.58 8936.17 17509.82 9858.58 18769.24 13543.37 107 118 114 57 105 122 96 95 53 89 112 66 124 140 123 113 74 126 124 118 143 70 114 114 60 0 8 2 5 0 304.76 0.76 19.33 4.05 -0.07 0.04 0.3 -0.5 -0.08 0.3 -0.16 -0.17 -0.53 -0.23 0.78 -0.43 0.81 0.29 0.71 0.34 -0.35 0.32 0.82 0.03 0.89 -0.39 0.0 -0.01 -0.47 0.23 
85 1.3 13.15 280.26 30.43 3.25 223.91 2.3 3.4 41.62 0.78 752.15 1.09 647.68 69.8 607.09 339.78 5.69 186.35 709.04 36.66 614.52 26.62 9.51 2.5 26.47 8926.17 17549.82 9862.58 18738.48 13533.37 107 119 114 57 105 122 97 96 54 89 116 66 125 141 123 117 74 128 124 120 143 70 114 114 61 0 6 0 34 0 395.2 0.64 15.37 3.11 -0.06 0.04 0.12 -0.49 -0.08 0.17 -0.16 -0.17 -0.52 -0.22 0.32 -0.42 0.38 0.25 0.35 0.14 -0.35 0.18 0.4 0.05 0.53 -0.38 0.0 -0.0 -0.46 0.17 
86 1.31 12.17 289.11 30.49 3.25 224.36 21.36 2.4 19.66 2.73 665.47 1.1 662.2 47.89 608.31 279.54 8.56 147.74 710.46 34.73 615.75 26.67 17.05 18.64 4.47 8912.28 17537.9 9846.73 18982.95 13469.37 107 120 117 57 105 127 98 96 55 89 117 66 127 144 131 124 74 129 129 122 148 72 115 115 61 2 4 3 29 16 637.47 0.88 12.76 1.85 -0.07 0.04 0.15 -0.49 -0.09 0.19 -0.15 -0.17 -0.52 -0.23 0.38 -0.43 0.46 0.25 0.41 0.17 -0.35 0.19 0.48 0.06 0.59 -0.38 -0.0 0.0 -0.47 0.18 
87 1.31 9.66 250.61 30.55 7.26 162.69 8.38 2.4 9.68 2.74 653.78 1.1 638.49 8.91 505.32 188.92 8.57 138.01 646.75 8.75 551.85 0.68 4.06 5.65 4.48 8894.69 17567.9 9836.73 19346.09 13666.35 108 120 117 57 105 127 99 96 55 89 118 66 129 144 132 124 74 130 130 123 150 72 115 115 61 6 0 3 2 1 258.02 0.72 17.36 1.81 -0.07 0.05 0.18 -0.49 -0.09 0.21 -0.15 -0.17 -0.52 -0.23 0.46 -0.43 0.53 0.25 0.48 0.2 -0.35 0.21 0.56 0.06 0.66 -0.38 -0.0 0.0 -0.47 0.19 
88 0.31 9.68 251.11 37.69 7.27 163.01 1.38 2.41 16.19 17.36 656.7 1.1 592.68 8.93 484.28 202.38 8.59 126.01 622.99 1.75 502.85 5.18 4.06 5.66 4.49 8956.6 17554.22 9839.27 19379.19 13656.45 108 120 117 60 105 128 99 96 56 90 122 66 135 144 133 129 76 131 134 123 159 73 115 115 62 25 4 9 1 1 433.2 0.84 10.0 2.43 -0.06 0.05 0.14 -0.49 -0.09 0.18 -0.14 -0.17 -0.52 -0.22 0.35 -0.43 0.41 0.25 0.39 0.18 -0.35 0.19 0.44 0.07 0.55 -0.37 -0.0 0.0 -0.47 0.18 
89 0.31 9.7 251.62 28.92 7.29 153.32 1.39 2.41 6.2 10.29 611.92 1.1 536.75 8.95 475.23 140.66 6.6 130.36 584.16 5.77 383.62 4.19 4.07 5.67 3.5 9194.66 17530.33 9970.73 19369.22 13637.61 108 120 118 60 105 132 99 96 56 90 122 66 136 144 133 131 76 131 134 123 160 73 115 115 62 2 7 1 1 4 201.6 0.96 22.0 1.0 -0.07 0.05 0.23 -0.46 -0.09 0.24 -0.14 -0.17 -0.51 -0.21 0.59 -0.43 0.63 0.25 0.56 0.24 -0.34 0.25 0.66 0.07 0.71 -0.36 -0.0 0.0 -0.46 0.2 
90 0.31 9.72 230.07 28.98 7.3 65.45 1.39 2.42 6.21 10.31 613.14 1.1 515.78 8.97 476.18 96.86 6.62 130.62 585.33 5.78 362.34 7.8 4.08 5.68 3.51 9184.66 17585.43 9981.83 19379.42 13715.61 108 120 119 61 105 132 99 96 56 90 122 66 137 144 134 131 76 132 134 123 160 73 115 115 62 2 5 1 2 0 111.0 0.88 19.6 1.17 -0.06 0.04 0.11 -0.47 -0.09 0.17 -0.14 -0.17 -0.51 -0.22 0.3 -0.43 0.38 0.25 0.34 0.17 -0.34 0.19 0.39 0.07 0.53 -0.36 -0.0 0.0 -0.46 0.17 
91 0.31 17.22 205.48 19.02 7.32 65.58 1.39 2.42 6.22 10.34 614.37 2.92 497.77 8.98 458.1 97.05 6.63 105.83 586.5 5.79 366.79 7.82 4.09 5.69 3.51 9207.13 17575.43 9975.29 19418.48 13705.61 108 121 120 61 105 134 99 96 56 90 122 66 138 144 136 133 77 132 137 124 161 74 116 115 62 4 5 7 1 0 256.13 0.72 9.65 2.89 -0.06 0.05 0.12 -0.46 -0.09 0.17 -0.14 -0.17 -0.51 -0.21 0.33 -0.43 0.41 0.25 0.37 0.18 -0.34 0.19 0.42 0.07 0.55 -0.36 -0.0 0.0 -0.46 0.17 
92 30.69 19.19 201.89 19.06 7.33 48.68 1.39 9.87 14.57 18.15 615.6 2.93 482.73 9.0 429.95 94.65 2.63 112.0 542.58 1.8 363.52 3.83 0.09 5.71 3.52 9249.13 17645.43 9992.44 19411.63 13605.17 109 124 121 62 106 136 99 96 59 93 123 66 141 144 137 137 77 132 142 124 164 74 116 116 62 0 0 1 1 32 274.93 0.56 4.64 2.47 -0.04 0.06 0.21 -0.46 -0.09 0.2 -0.15 -0.16 -0.5 -0.21 0.6 -0.43 0.62 0.25 0.56 0.23 -0.33 0.24 0.67 0.07 0.71 -0.36 0.0 -0.0 -0.46 0.2 
93 26.74 9.08 214.86 41.61 17.32 43.01 1.4 9.89 8.14 12.01 612.82 2.93 471.68 9.02 405.76 98.44 2.64 112.23 533.56 1.8 352.22 3.83 0.09 9.78 15.45 9237.28 17635.43 9982.44 19308.41 13721.32 110 125 122 64 106 138 99 96 60 94 124 66 143 145 139 140 77 137 143 124 165 74 116 117 64 1 0 1 47 1 237.38 0.84 7.86 1.0 -0.03 0.07 0.42 -0.4 -0.07 0.23 -0.16 -0.17 -0.49 -0.19 1.16 -0.44 1.06 0.24 0.9 0.34 -0.34 0.32 1.18 0.05 1.03 -0.37 -0.02 0.0 -0.45 0.25 
94 21.68 8.63 199.26 27.67 17.36 14.04 1.4 9.91 1.14 5.02 607.03 2.94 458.59 2.02 392.55 77.59 2.64 77.38 527.61 1.8 345.91 3.84 0.09 4.8 8.41 9234.69 17624.5 9979.44 19473.41 13725.46 112 125 123 65 107 138 99 97 60 95 127 66 143 145 140 143 77 139 143 124 166 74 116 118 64 15 1 0 22 2 137.41 0.8 5.83 1.77 -0.04 0.07 0.25 -0.43 -0.08 0.19 -0.16 -0.17 -0.49 -0.2 0.71 -0.44 0.71 0.24 0.61 0.27 -0.34 0.25 0.79 0.06 0.78 -0.37 -0.01 0.0 -0.45 0.21 
95 10.7 8.65 195.65 23.72 17.38 14.07 5.42 5.92 1.14 1.02 596.22 2.95 477.8 5.34 389.32 65.72 5.5 39.46 528.66 1.81 342.6 3.85 0.09 0.8 8.42 9268.61 17621.5 9968.45 19452.07 13749.46 112 127 125 68 108 139 99 99 61 95 131 68 146 145 142 146 78 140 145 125 169 74 116 118 66 8 0 1 27 4 286.26 0.72 5.17 3.18 -0.04 0.07 0.33 -0.42 -0.07 0.19 -0.15 -0.17 -0.49 -0.19 0.94 -0.44 0.9 0.24 0.75 0.31 -0.34 0.23 0.98 0.05 0.9 -0.37 -0.02 0.0 -0.45 0.23 
96 18.32 6.66 181.19 20.76 17.41 13.09 26.49 3.93 0.14 27.33 593.41 0.95 439.68 5.35 388.1 44.81 14.02 20.5 527.72 0.81 286.17 3.86 0.09 0.8 30.23 9388.98 17604.67 9896.57 19469.07 13736.55 114 127 129 69 109 140 100 99 61 97 133 68 150 145 146 149 80 142 148 125 172 74 116 118 66 7 3 21 0 5 351.47 0.72 9.06 1.52 -0.02 0.09 0.35 -0.39 -0.06 0.2 -0.12 -0.16 -0.48 -0.15 1.08 -0.42 0.96 0.24 0.84 0.31 -0.32 0.22 1.09 0.06 0.9 -0.37 -0.02 0.0 -0.39 0.23 
97 1.32 6.68 131.62 16.44 10.44 24.12 21.53 3.94 1.07 13.35 571.55 0.95 394.47 5.37 352.89 23.86 0.02 6.51 504.72 0.81 267.35 3.87 0.09 0.81 30.29 9489.01 17623.75 10012.22 19458.14 13745.25 114 128 131 70 110 141 102 99 61 97 136 68 152 145 148 149 80 142 148 125 174 74 116 118 68 2 1 10 1 9 233.52 0.88 11.74 1.82 -0.03 0.08 0.22 -0.4 -0.07 0.21 -0.13 -0.16 -0.48 -0.17 0.66 -0.42 0.64 0.23 0.57 0.28 -0.32 0.21 0.73 0.06 0.71 -0.37 -0.02 0.0 -0.41 0.2 
98 1.32 2.68 115.89 9.46 3.44 2.13 7.55 3.94 1.07 13.38 551.65 0.95 351.17 5.38 324.54 23.91 0.02 6.53 505.73 0.81 238.83 3.87 7.61 0.81 3.28 9495.26 17612.01 10072.22 19467.14 13844.21 114 128 134 71 110 141 102 99 61 97 137 68 152 145 149 151 80 142 149 125 175 74 116 118 68 2 3 0 0 5 187.27 0.72 11.2 2.27 -0.03 0.09 0.19 -0.4 -0.07 0.2 -0.13 -0.16 -0.48 -0.17 0.55 -0.42 0.54 0.23 0.49 0.28 -0.32 0.21 0.62 0.06 0.65 -0.37 -0.01 0.0 -0.42 0.19 
99 1.33 15.78 65.02 11.3 3.45 12.27 7.56 20.69 1.07 13.41 557.24 0.95 351.87 5.39 318.18 3.92 5.73 6.54 493.72 0.81 232.29 3.88 17.02 0.81 3.29 9523.26 17597.8 10061.27 19442.58 13852.67 114 130 135 71 110 141 103 101 61 97 138 68 162 146 151 151 80 143 149 125 177 74 117 118 68 0 18 1 6 10 298.13 0.84 11.0 1.23 -0.03 0.1 0.18 -0.39 -0.07 0.2 -0.13 -0.15 -0.48 -0.17 0.58 -0.42 0.55 0.23 0.5 0.28 -0.32 0.21 0.64 0.06 0.66 -0.37 -0.0 0.0 -0.42 0.19 
100 1.33 7.8 61.14 11.33 3.46 12.29 3.57 0.69 14.04 13.44 554.34 0.96 192.26 1.39 286.75 3.92 12.4 2.55 494.71 0.82 229.4 13.8 1.03 0.81 3.29 9513.26 17799.77 10050.37 19412.28 13881.77 114 131 136 73 110 144 103 101 62 98 139 68 163 146 154 151 82 143 152 125 178 75 117 118 68 0 17 2 21 1 90.09 0.96 4.0 1.0 -0.03 0.11 0.19 -0.39 -0.07 0.2 -0.12 -0.14 -0.47 -0.17 0.6 -0.42 0.52 0.24 0.5 0.28 -0.31 0.21 0.64 0.06 0.68 -0.36 -0.01 0.0 -0.42 0.19 
101 1.33 3.8 57.25 3.33 3.46 0.29 3.58 0.69 10.06 9.45 551.44 0.96 194.73 1.39 275.3 3.93 4.41 2.55 483.67 0.82 225.85 9.82 1.03 0.81 3.3 9502.24 17788.75 10039.35 19483.24 13871.77 114 131 139 73 110 144 103 101 63 98 142 68 165 146 156 151 83 143 153 125 188 76 117 118 68 1 18 3 3 1 239.63 0.96 9.75 1.0 -0.03 0.12 0.27 -0.38 -0.06 0.22 -0.12 -0.14 -0.45 -0.15 1.34 -0.42 0.79 0.24 0.89 0.29 -0.3 0.22 1.31 0.06 0.98 -0.34 -0.01 0.0 -0.42 0.24 
102 1.33 3.81 27.31 3.34 3.47 0.29 3.59 0.7 0.06 9.47 522.49 0.96 175.08 1.4 261.82 3.94 0.41 2.56 474.62 0.82 114.08 5.83 6.67 0.81 3.31 9499.43 17958.75 10039.48 19505.24 13860.83 114 131 140 73 110 144 103 101 63 98 142 68 166 146 156 151 83 143 155 125 192 76 117 118 68 3 0 2 1 2 212.3 0.8 19.75 2.77 -0.03 0.11 0.2 -0.38 -0.07 0.22 -0.12 -0.14 -0.47 -0.16 0.66 -0.42 0.55 0.24 0.55 0.28 -0.3 0.21 0.71 0.06 0.69 -0.35 -0.0 0.0 -0.42 0.19 
103 1.34 3.82 17.34 3.35 3.48 0.29 3.59 6.28 0.06 9.49 523.53 0.96 156.39 1.4 262.35 3.95 0.41 19.58 431.48 0.82 36.59 5.84 15.14 0.81 19.21 9553.45 17948.75 10059.46 19481.39 13874.37 114 131 140 73 110 144 103 101 63 99 143 68 166 146 159 151 83 144 159 125 194 76 118 118 69 1 0 6 7 7 130.51 0.92 8.5 1.0 -0.03 0.11 0.19 -0.38 -0.07 0.22 -0.13 -0.14 -0.47 -0.17 0.43 -0.42 0.47 0.24 0.43 0.28 -0.3 0.22 0.5 0.06 0.64 -0.35 -0.0 0.0 -0.42 0.17 
104 1.34 13.18 17.38 3.35 3.48 0.29 3.6 6.29 0.06 2.5 517.56 0.96 156.7 1.4 235.82 6.14 0.41 9.6 395.27 0.82 22.64 5.86 8.16 0.82 9.23 9543.45 17938.75 10049.46 19512.62 13930.64 114 131 141 73 110 144 103 101 63 99 145 68 167 146 159 151 83 144 161 125 195 76 118 118 69 1 0 6 8 4 284.92 0.68 22.0 2.34 -0.04 0.11 0.19 -0.38 -0.07 0.21 -0.13 -0.14 -0.47 -0.17 0.71 -0.43 0.55 0.23 0.57 0.28 -0.3 0.22 0.73 0.05 0.65 -0.36 0.0 -0.01 -0.41 0.19 
105 1.34 13.21 1.38 19.27 30.47 0.29 3.61 12.81 22.29 2.5 486.01 0.96 128.96 1.4 236.29 6.15 0.41 9.62 361.9 0.82 9.03 35.6 8.18 0.82 9.25 9549.45 17927.82 10038.53 19488.2 13943.99 114 131 141 74 110 144 103 102 65 99 146 68 169 146 160 151 83 144 162 125 195 78 118 118 69 0 1 7 55 8 201.59 0.76 13.55 2.62 -0.04 0.11 0.19 -0.38 -0.06 0.22 -0.13 -0.14 -0.46 -0.16 0.41 -0.43 0.46 0.23 0.43 0.28 -0.3 0.22 0.5 0.06 0.65 -0.34 0.0 -0.0 -0.41 0.17 
106 1.34 13.23 1.38 22.56 30.53 0.3 3.61 2.82 2.3 17.12 467.94 0.97 94.15 1.41 226.74 6.16 2.31 22.41 352.61 0.83 9.05 5.11 13.83 0.82 9.27 9535.67 17935.03 10018.44 19527.3 13977.97 114 132 141 75 113 144 103 102 65 100 147 68 172 146 162 151 83 145 165 125 195 78 119 118 69 2 2 11 54 13 345.43 0.48 10.88 3.32 -0.04 0.11 0.19 -0.36 -0.06 0.21 -0.13 -0.14 -0.45 -0.16 0.52 -0.43 0.48 0.23 0.48 0.27 -0.3 0.22 0.58 0.05 0.64 -0.34 0.0 -0.01 -0.41 0.18 
107 21.28 5.85 1.38 14.0 0.53 0.3 3.62 2.82 43.99 8.03 464.87 19.12 55.26 2.51 227.65 10.54 2.32 9.42 314.23 21.9 20.25 5.12 13.61 8.89 9.28 9532.73 17932.09 10006.57 19360.62 14136.97 114 134 141 76 113 144 105 102 66 100 148 69 172 146 163 151 83 145 166 127 195 80 120 118 69 1 1 13 100 0 71.51 0.84 2.8 1.74 -0.04 0.1 0.17 -0.37 -0.06 0.2 -0.14 -0.15 -0.43 -0.16 0.58 -0.42 0.47 0.22 0.52 0.26 -0.31 0.21 0.61 0.06 0.64 -0.35 0.0 -0.01 -0.42 0.18 
108 21.32 3.85 15.89 13.02 0.53 4.8 1.62 2.83 43.07 8.04 464.8 18.16 55.37 2.52 212.08 17.1 2.32 9.44 301.84 23.96 20.29 3.13 12.64 8.91 9.3 9532.61 17938.09 10009.57 19325.36 14125.84 114 135 142 76 113 145 106 104 66 101 149 69 173 148 164 152 83 145 167 129 196 80 120 118 70 2 0 0 113 1 134.29 0.8 4.5 2.43 -0.02 0.09 0.18 -0.35 -0.09 0.17 -0.15 -0.17 -0.35 -0.17 1.52 -0.39 0.54 0.18 0.92 0.26 -0.33 0.19 1.2 0.09 0.62 -0.35 0.0 -0.03 -0.42 0.23 
109 21.37 2.86 14.92 23.66 0.53 3.81 0.63 0.83 43.16 7.06 437.67 18.19 27.43 0.52 202.48 16.13 2.33 9.46 316.33 22.0 41.69 5.83 15.48 8.93 8.32 9562.3 17928.09 9980.64 19314.1 14124.05 115 135 144 77 113 145 106 104 67 101 150 70 175 148 166 152 83 147 168 130 197 80 121 118 71 6 0 6 106 2 253.0 0.68 9.5 2.08 -0.04 0.1 0.18 -0.34 -0.08 0.18 -0.14 -0.16 -0.39 -0.17 0.99 -0.41 0.45 0.2 0.69 0.26 -0.32 0.19 0.92 0.08 0.66 -0.34 0.0 -0.03 -0.42 0.2 
110 2.37 2.87 3.93 15.45 5.53 3.82 0.63 0.83 55.46 7.07 445.38 8.21 14.55 0.52 164.81 16.16 5.18 7.48 315.96 3.01 49.16 5.85 5.49 8.94 16.28 9663.51 17917.16 10020.64 19308.17 14038.7 115 135 144 77 113 145 106 104 68 102 151 70 175 148 169 153 83 147 170 130 200 80 121 118 71 3 1 1 102 36 242.66 0.68 11.5 3.76 -0.05 0.11 0.19 -0.35 -0.07 0.2 -0.13 -0.14 -0.4 -0.16 0.62 -0.42 0.45 0.22 0.51 0.26 -0.31 0.22 0.66 0.07 0.66 -0.34 0.0 -0.02 -0.4 0.18 
111 2.38 2.87 25.7 64.12 5.54 3.82 0.63 0.83 36.53 3.08 446.1 8.23 14.58 0.52 120.05 12.19 5.19 14.3 299.56 4.02 6.97 23.88 5.5 10.98 16.31 9622.36 17908.46 9971.95 19348.36 14080.38 115 137 146 82 116 148 106 104 72 105 153 72 181 148 172 155 85 151 178 134 206 83 122 124 72 10 2 12 102 35 297.06 0.72 3.0 2.15 -0.05 0.11 0.2 -0.32 -0.07 0.2 -0.13 -0.14 -0.41 -0.16 0.56 -0.42 0.45 0.22 0.48 0.27 -0.31 0.22 0.61 0.07 0.65 -0.32 0.0 -0.02 -0.4 0.18 
112 7.13 0.87 11.73 19.1 2.54 0.83 0.63 0.83 30.78 0.08 432.96 8.06 8.6 0.52 117.28 13.48 14.61 10.32 273.84 0.02 0.97 20.92 4.51 4.99 15.34 9609.72 17894.86 10117.95 19323.54 14070.38 115 137 146 83 116 148 106 104 74 105 154 72 182 148 181 156 86 152 180 134 206 85 122 124 73 13 6 0 73 35 237.87 0.92 10.55 1.0 -0.07 0.09 0.19 -0.3 -0.07 0.18 -0.15 -0.17 -0.35 -0.16 1.37 -0.41 0.46 0.18 0.68 0.27 -0.28 0.23 1.14 0.07 0.64 -0.28 -0.02 0.0 -0.39 0.21 
113 7.14 0.87 11.75 6.11 2.55 0.83 0.63 0.84 13.8 4.95 429.82 8.07 4.61 0.52 0.29 9.5 1.62 6.33 248.33 0.02 0.97 3.93 4.52 6.01 2.34 9599.72 17908.86 10106.98 19312.56 14264.46 116 137 147 83 116 148 106 104 75 105 164 73 182 148 181 156 86 152 190 134 206 85 122 124 73 13 0 1 74 23 191.23 0.92 7.0 2.0 -0.07 0.1 0.18 -0.33 -0.07 0.19 -0.15 -0.16 -0.4 -0.15 0.56 -0.42 0.46 0.19 0.45 0.26 -0.31 0.23 0.63 0.08 0.65 -0.31 -0.02 0.0 -0.41 0.18 
114 13.43 0.88 4.76 6.12 12.54 0.83 0.63 0.84 6.82 4.96 360.54 1.07 4.62 0.53 0.29 9.52 1.62 6.35 178.69 0.02 0.97 3.94 4.53 6.02 2.35 9672.94 17896.97 10085.41 19300.57 14331.46 117 137 148 84 119 148 106 104 76 105 166 74 183 148 181 157 86 155 195 134 206 85 123 126 74 4 1 7 75 12 176.25 0.68 3.88 2.3 -0.06 0.1 0.18 -0.33 -0.06 0.19 -0.15 -0.17 -0.39 -0.15 0.73 -0.41 0.46 0.19 0.45 0.26 -0.31 0.22 0.73 0.07 0.65 -0.31 -0.02 0.0 -0.41 0.18 
115 11.35 6.49 3.77 4.78 0.55 0.83 0.63 0.84 2.82 4.97 350.24 16.41 0.62 10.47 0.29 8.53 1.62 0.35 143.98 0.02 6.57 3.94 24.03 1.02 19.23 9678.99 17896.02 10077.69 19290.57 14303.83 117 137 148 84 119 148 106 104 76 105 168 74 183 148 181 157 86 155 197 134 206 85 125 126 75 9 1 3 75 24 227.92 0.64 13.43 3.29 -0.07 0.07 0.15 -0.34 -0.08 0.15 -0.18 -0.19 -0.41 -0.18 0.98 -0.39 0.42 0.17 0.4 0.23 -0.33 0.2 0.8 0.04 0.61 -0.33 0.0 -0.02 -0.39 0.19 
116 11.37 25.21 4.81 4.79 0.55 0.83 0.63 28.74 2.83 4.98 329.55 16.44 0.62 10.49 0.29 17.27 1.63 7.16 112.2 0.02 6.58 3.95 15.32 28.25 31.09 9701.71 17785.06 10098.91 19277.67 14293.83 118 139 148 84 119 148 106 104 76 105 170 75 183 148 181 158 86 155 199 134 206 85 125 128 78 12 30 4 77 24 166.12 0.88 10.0 1.94 -0.08 0.08 0.16 -0.34 -0.07 0.16 -0.17 -0.17 -0.41 -0.18 0.5 -0.41 0.43 0.16 0.41 0.24 -0.33 0.21 0.6 0.05 0.61 -0.33 -0.02 0.0 -0.4 0.17 
117 1.38 5.22 4.82 4.8 0.55 0.83 0.64 28.8 2.83 4.99 310.17 19.17 0.62 10.52 0.29 7.29 1.63 8.02 92.39 0.02 6.59 16.58 15.35 8.27 1.09 9691.71 17775.06 10086.26 19384.19 14283.83 118 140 149 85 119 148 106 109 76 106 174 78 183 150 181 159 86 157 201 134 207 87 127 130 78 12 30 6 76 24 154.04 0.92 4.6 2.3 -0.08 0.08 0.15 -0.34 -0.08 0.15 -0.18 -0.17 -0.41 -0.18 0.56 -0.4 0.42 0.16 0.41 0.23 -0.33 0.21 0.62 0.04 0.6 -0.33 -0.02 0.0 -0.39 0.17 
118 1.38 1.22 0.82 0.8 0.55 0.84 0.64 2.8 2.84 0.99 291.75 7.18 0.62 2.52 0.29 3.3 1.63 0.02 84.55 0.02 2.6 5.59 1.35 12.37 5.06 9668.64 17765.06 10117.27 19374.19 14367.85 118 140 149 85 119 148 106 109 76 106 177 78 183 150 181 159 86 157 202 134 207 87 127 131 78 16 30 1 76 2 113.72 0.68 9.4 2.94 -0.11 0.06 0.12 -0.36 -0.1 0.12 -0.2 -0.17 -0.42 -0.2 0.79 -0.4 0.38 0.13 0.36 0.2 -0.35 0.18 0.65 0.01 0.56 -0.34 -0.04 0.0 -0.4 0.18 
119 5.18 1.23 2.9 3.45 0.55 0.84 20.7 2.81 6.55 0.99 265.28 7.19 0.63 2.53 0.29 3.3 1.64 10.23 74.7 0.02 24.97 5.6 1.35 2.38 7.06 9641.4 17794.18 10112.39 19364.19 14311.12 120 141 150 86 119 148 108 111 78 106 180 79 183 150 181 160 86 159 204 134 208 88 128 133 79 24 27 2 76 15 69.73 0.84 1.92 1.39 -0.1 0.07 0.14 -0.35 -0.09 0.13 -0.18 -0.17 -0.42 -0.19 0.56 -0.4 0.39 0.14 0.38 0.21 -0.34 0.2 0.6 0.02 0.6 -0.33 -0.03 0.0 -0.4 0.17 
120 3.18 0.23 1.9 2.46 0.55 0.84 6.71 6.39 4.56 0.99 262.8 6.21 0.63 3.64 0.29 2.31 3.54 8.25 72.85 0.02 23.18 4.61 0.35 0.38 6.07 9654.47 17784.18 10128.39 19336.32 14300.19 120 141 150 87 119 148 111 112 79 106 180 80 183 153 181 161 87 159 211 134 211 88 128 133 79 1 27 0 89 16 231.65 0.52 4.27 2.1 -0.09 0.06 0.13 -0.34 -0.1 0.11 -0.16 -0.14 -0.4 -0.2 1.38 -0.38 0.38 0.14 0.36 0.21 -0.34 0.23 0.82 0.01 0.65 -0.32 -0.04 0.0 -0.38 0.2 
121 10.79 11.45 22.63 1.46 0.55 0.84 5.73 5.4 10.05 21.46 269.08 5.22 4.69 0.64 0.29 20.94 2.55 18.48 25.72 0.02 8.2 14.53 0.35 0.38 6.09 9642.67 17847.68 10116.6 19196.77 14306.19 121 144 153 88 119 148 115 114 80 108 181 82 185 153 181 164 87 161 217 134 214 90 128 133 83 3 26 2 146 0 262.38 0.52 1.86 2.76 -0.08 0.08 0.17 -0.34 -0.1 0.11 -0.16 -0.15 -0.39 -0.17 0.83 -0.39 0.38 0.15 0.36 0.25 -0.34 0.23 0.63 0.01 0.6 -0.31 -0.04 0.0 -0.4 0.18 
122 20.09 14.82 32.31 0.46 0.55 0.84 1.73 0.4 25.52 16.49 285.86 3.22 14.9 0.64 3.57 21.78 40.59 10.5 49.55 0.02 5.21 20.36 3.17 0.38 2.09 9616.02 17876.75 9951.53 19214.9 14294.32 123 146 156 88 119 148 116 114 82 111 183 84 187 153 182 167 88 162 220 134 215 92 128 133 84 12 17 53 118 2 281.51 0.72 4.66 2.47 -0.01 0.14 0.28 -0.34 -0.1 0.11 -0.13 -0.14 -0.3 -0.12 1.51 -0.37 0.45 0.15 0.37 0.32 -0.18 0.25 0.83 0.01 0.63 -0.24 -0.03 0.0 -0.37 0.19 
123 6.1 27.81 26.98 0.46 0.55 0.84 18.78 0.4 30.31 7.5 278.42 1.23 6.91 30.48 2.58 6.79 39.67 3.51 25.6 18.08 4.21 17.79 3.18 0.38 1.09 9686.29 17880.15 9939.67 19217.23 14196.68 123 149 159 88 119 148 118 114 86 112 193 84 187 155 182 167 89 162 221 136 215 94 128 133 84 2 2 54 119 47 233.41 0.84 6.61 2.0 -0.07 0.14 0.22 -0.34 -0.1 0.11 -0.1 -0.14 -0.33 -0.15 0.82 -0.37 0.42 0.2 0.37 0.27 -0.27 0.22 0.69 0.04 0.62 -0.28 -0.03 0.0 -0.37 0.17 
124 8.01 6.82 5.99 0.46 0.56 3.1 10.81 0.4 2.31 0.51 208.84 1.23 25.22 22.52 2.58 6.8 38.75 3.52 18.64 4.09 4.22 3.8 3.19 0.38 1.09 9664.11 17870.15 9919.33 19203.34 14389.68 124 150 159 88 119 148 119 114 86 112 203 84 188 159 182 167 94 162 223 136 216 94 128 133 84 7 2 59 121 18 232.54 0.68 5.73 2.45 -0.07 0.13 0.2 -0.34 -0.11 0.12 -0.1 -0.14 -0.35 -0.16 0.69 -0.37 0.43 0.19 0.37 0.26 -0.29 0.22 0.68 0.03 0.62 -0.29 -0.03 0.0 -0.37 0.17 
125 7.03 2.83 6.01 0.46 16.54 3.1 6.83 0.4 2.32 18.04 145.12 4.86 37.52 4.95 9.15 6.82 21.03 3.52 4.65 4.1 0.22 3.81 3.19 5.43 1.1 9682.11 17862.15 9907.32 19312.34 14298.15 124 150 159 88 119 148 119 114 86 112 205 84 188 159 182 167 94 162 223 136 216 94 128 133 84 0 0 61 104 50 67.91 0.92 28.0 1.0 -0.07 0.12 0.19 -0.34 -0.09 0.11 -0.1 -0.15 -0.35 -0.14 0.7 -0.37 0.45 0.19 0.37 0.26 -0.27 0.21 0.67 0.02 0.61 -0.29 -0.04 0.0 -0.37 0.17 
126 7.04 2.83 6.02 0.47 16.58 3.11 6.84 5.98 2.32 18.08 89.3 11.22 37.6 4.96 9.17 6.83 21.07 3.53 4.66 4.11 0.22 3.81 3.2 5.44 1.1 9668.44 17852.15 9896.41 19351.0 14288.15 125 150 159 88 121 148 119 114 86 114 215 85 193 159 183 167 97 162 223 136 216 94 128 133 84 4 0 62 110 50 310.55 0.6 7.0 2.54 -0.07 0.13 0.2 -0.34 -0.1 0.11 -0.1 -0.14 -0.35 -0.15 0.56 -0.37 0.42 0.2 0.37 0.26 -0.29 0.22 0.68 0.02 0.62 -0.29 -0.04 0.0 -0.37 0.17 
127 0.04 2.84 14.32 26.99 2.58 3.12 21.9 6.0 2.33 6.04 19.34 28.74 10.73 4.97 2.17 6.84 0.07 11.2 23.28 16.16 13.27 3.82 3.21 5.45 1.1 9656.58 17833.88 9941.25 19337.44 14276.45 125 150 161 90 122 151 122 115 87 117 218 90 195 163 185 171 97 164 225 142 219 95 131 136 85 5 6 81 113 52 107.75 0.92 1.79 2.0 -0.07 0.12 0.2 -0.31 -0.09 0.11 -0.09 -0.14 -0.35 -0.14 0.63 -0.33 0.45 0.19 0.37 0.26 -0.27 0.22 0.69 0.03 0.63 -0.29 -0.04 0.0 -0.37 0.17 
128 0.04 2.84 3.33 25.04 1.58 0.12 18.94 5.01 1.33 6.94 7.36 14.77 8.75 0.97 0.17 2.85 0.07 9.21 12.31 10.18 3.14 2.83 0.21 2.45 0.1 9694.64 17822.02 9929.31 19327.44 14318.45 125 150 161 92 122 151 123 115 87 117 218 91 195 163 185 171 97 164 226 143 219 95 131 136 85 1 7 82 113 0 83.27 0.84 10.0 1.46 -0.09 0.1 0.19 -0.24 -0.11 0.1 -0.03 -0.14 -0.36 -0.12 0.62 -0.28 0.46 0.19 0.35 0.26 -0.29 0.23 0.69 0.08 0.61 -0.3 -0.05 0.0 -0.38 0.16 
129 0.04 2.85 3.33 5.05 9.58 0.12 8.95 5.02 1.33 6.95 7.37 4.78 8.77 3.18 0.17 2.86 0.07 16.04 2.31 0.18 3.15 9.14 0.21 2.46 0.1 9683.74 17867.62 9918.41 19313.44 14295.38 125 150 161 92 122 151 123 115 87 117 218 91 195 163 185 171 97 165 226 143 219 95 131 136 85 2 5 83 117 7 97.35 0.8 13.0 2.49 -0.08 0.1 0.18 -0.32 -0.1 0.11 -0.09 -0.15 -0.36 -0.14 0.61 -0.33 0.44 0.2 0.36 0.26 -0.29 0.22 0.66 0.05 0.61 -0.3 -0.04 0.0 -0.38 0.17 
130 25.67 2.86 3.34 5.06 9.6 5.75 8.97 5.03 1.34 6.97 22.72 4.79 27.08 3.19 0.17 22.49 0.07 3.05 2.32 0.18 3.15 9.16 0.21 2.46 0.1 9666.55 17855.44 9910.92 19302.31 14222.03 126 150 161 92 122 151 123 115 87 117 218 91 196 163 185 171 97 165 226 143 219 95 131 136 85 5 6 87 118 30 96.23 0.8 19.0 2.62 -0.07 0.1 0.18 -0.32 -0.1 0.11 -0.09 -0.15 -0.36 -0.14 0.61 -0.33 0.45 0.2 0.36 0.27 -0.29 0.21 0.66 0.05 0.61 -0.3 -0.04 0.0 -0.38 0.17 
131 6.69 8.47 3.35 5.07 9.62 5.76 8.99 5.04 1.34 6.98 22.76 4.8 8.1 3.19 0.17 35.62 28.6 3.05 2.32 0.18 12.48 10.98 0.21 2.47 0.1 9656.55 17873.03 9890.09 19283.89 14183.45 126 151 161 92 123 151 124 116 87 117 221 91 197 163 185 176 101 165 226 143 221 96 131 136 85 5 9 92 122 39 141.48 0.92 6.25 1.36 -0.07 0.11 0.18 -0.32 -0.1 0.11 -0.09 -0.15 -0.36 -0.14 0.61 -0.33 0.44 0.2 0.36 0.27 -0.28 0.21 0.66 0.05 0.61 -0.3 -0.04 0.0 -0.38 0.17 
132 6.7 1.48 3.35 5.08 5.63 5.77 1.99 1.04 1.34 14.79 1.77 4.81 4.11 3.2 0.17 9.34 3.61 3.06 2.33 0.18 1.48 3.99 0.21 2.47 0.1 9665.57 17920.94 9873.56 19272.91 14212.54 126 151 161 92 123 151 124 116 87 118 221 91 197 163 185 177 101 165 226 143 221 96 131 136 85 1 4 95 123 36 80.67 0.76 7.0 3.03 -0.07 0.11 0.18 -0.32 -0.09 0.11 -0.09 -0.15 -0.36 -0.12 0.62 -0.33 0.45 0.2 0.36 0.3 -0.26 0.21 0.66 0.05 0.62 -0.29 -0.04 0.0 -0.38 0.17 
133 6.71 23.93 3.36 5.09 8.64 5.78 2.0 1.04 1.34 7.81 4.64 8.45 4.11 3.2 0.17 2.35 3.62 3.07 2.33 16.24 1.48 3.99 19.01 2.48 0.1 9655.57 17908.99 9866.36 19211.31 14200.62 128 158 162 94 126 155 125 117 88 122 222 93 199 165 185 179 104 168 226 149 222 98 139 138 85 1 6 97 138 38 169.04 0.76 1.75 3.02 -0.07 0.13 0.18 -0.32 -0.09 0.11 -0.09 -0.15 -0.36 -0.13 0.63 -0.32 0.45 0.2 0.36 0.3 -0.26 0.21 0.66 0.07 0.62 -0.29 -0.02 0.0 -0.38 0.17 
134 1.72 31.86 2.37 3.1 4.64 1.79 1.0 0.04 0.34 3.81 3.65 0.45 8.22 1.21 0.17 0.35 0.62 0.07 2.34 1.24 0.48 10.11 2.01 10.56 8.05 9644.58 17896.97 9900.36 19141.27 14250.62 128 165 162 94 127 155 125 117 88 122 222 93 201 165 185 179 104 168 226 149 222 100 139 140 87 2 7 53 157 23 167.91 0.76 4.0 2.92 -0.1 0.22 0.13 -0.34 -0.11 0.08 -0.13 -0.19 -0.39 -0.14 0.56 -0.35 0.41 0.15 0.29 0.24 -0.28 0.17 0.58 0.04 0.54 -0.28 -0.03 0.0 -0.38 0.16 
135 15.96 3.87 2.37 34.94 0.64 17.56 1.0 0.04 0.35 3.82 20.91 0.45 0.22 1.21 0.17 19.98 0.62 0.07 2.34 1.24 0.49 7.52 2.01 2.57 0.05 9628.17 17849.0 9888.45 19139.57 14238.71 129 165 162 96 127 156 125 117 88 122 223 93 201 165 185 179 104 168 226 149 222 101 139 140 87 5 20 54 159 24 62.63 0.88 9.0 1.8 -0.06 0.18 0.16 -0.27 -0.1 0.13 -0.11 -0.17 -0.37 -0.13 0.62 -0.34 0.43 0.18 0.32 0.31 -0.26 0.19 0.61 0.06 0.58 -0.28 -0.01 0.0 -0.38 0.16 
136 9.93 3.88 2.37 8.95 0.64 10.58 1.0 0.04 0.35 3.83 13.94 0.45 0.22 1.21 0.17 20.02 6.33 0.07 2.35 1.24 0.49 0.52 2.02 2.57 2.04 9651.27 17858.0 9874.57 19128.62 14226.81 131 165 162 98 127 158 125 117 88 122 226 93 201 166 185 184 105 168 226 149 222 101 139 140 87 1 19 56 160 25 110.86 0.76 3.81 1.62 -0.07 0.18 0.16 -0.31 -0.09 0.12 -0.11 -0.17 -0.37 -0.13 0.6 -0.34 0.43 0.18 0.32 0.29 -0.25 0.2 0.61 0.06 0.58 -0.28 -0.01 0.0 -0.38 0.16 
137 1.93 3.89 2.38 8.03 0.65 11.59 1.01 0.04 0.35 3.84 1.94 4.99 0.22 5.74 0.17 0.02 2.33 0.07 2.35 1.25 0.49 14.94 11.42 2.58 2.04 9623.72 17843.52 9841.73 19175.73 14215.69 131 165 162 100 127 160 125 117 88 122 226 94 201 167 185 184 105 168 226 149 222 104 141 140 87 11 23 69 147 26 60.22 0.88 4.0 1.0 -0.07 0.17 0.15 -0.3 -0.1 0.13 -0.12 -0.18 -0.38 -0.13 0.6 -0.34 0.42 0.18 0.3 0.3 -0.26 0.18 0.6 0.05 0.56 -0.26 0.0 -0.01 -0.38 0.16 
138 1.93 3.89 2.38 2.68 0.65 3.6 1.01 0.04 0.35 3.84 1.94 0.99 0.22 1.74 0.17 0.02 2.34 0.07 2.36 1.25 5.15 2.94 3.43 2.59 10.99 9613.72 17821.03 9874.74 19163.87 14204.81 131 165 162 100 127 160 125 117 88 122 226 94 201 167 185 184 105 168 226 149 222 104 141 140 88 11 36 59 149 27 14.67 0.92 7.0 1.48 -0.07 0.17 0.15 -0.29 -0.1 0.13 -0.12 -0.18 -0.38 -0.13 0.6 -0.34 0.42 0.18 0.3 0.3 -0.26 0.18 0.6 0.05 0.57 -0.26 0.0 -0.01 -0.37 0.16 
139 1.94 3.9 2.39 2.69 0.65 3.61 1.01 0.04 0.35 3.85 1.95 3.72 0.22 1.75 0.17 0.02 2.34 0.07 7.32 1.25 5.16 2.95 3.43 2.59 4.0 9608.91 17811.03 9859.79 19152.97 14194.81 131 165 162 100 127 160 125 117 88 122 226 94 201 167 185 184 105 168 227 149 223 104 141 140 88 12 36 61 150 27 212.84 0.64 4.0 3.76 -0.07 0.17 0.15 -0.29 -0.1 0.13 -0.12 -0.17 -0.38 -0.13 0.6 -0.33 0.42 0.18 0.31 0.3 -0.26 0.19 0.6 0.05 0.57 -0.26 0.0 -0.01 -0.37 0.16 
140 1.94 3.91 27.27 6.23 0.65 3.61 1.01 0.04 0.35 5.81 10.58 44.57 0.22 28.27 0.17 34.91 2.34 0.07 3.33 1.25 29.12 39.0 3.44 2.6 4.0 9589.62 17702.23 9849.79 19055.99 14183.04 131 165 164 100 127 160 125 117 88 122 227 98 201 169 185 187 105 168 227 149 225 106 141 140 88 18 61 61 171 29 197.43 0.8 10.0 3.04 -0.07 0.17 0.19 -0.28 -0.1 0.13 -0.12 -0.18 -0.38 -0.13 0.61 -0.26 0.42 0.23 0.3 0.36 -0.26 0.18 0.61 0.05 0.62 -0.2 0.0 -0.01 -0.37 0.16 
141 1.94 3.92 7.28 6.24 15.64 3.62 1.01 5.62 0.35 5.82 5.37 9.12 0.22 8.29 0.17 4.92 9.96 0.07 3.34 1.26 9.14 19.04 3.45 2.6 4.01 9579.62 17840.92 9839.79 19040.53 14152.38 132 166 166 100 127 160 125 117 88 123 229 99 201 170 185 188 105 168 229 150 225 107 141 141 91 18 51 61 173 34 142.28 0.76 1.0 3.23 -0.07 0.17 0.17 -0.29 -0.09 0.13 -0.11 -0.17 -0.38 -0.13 0.61 -0.3 0.42 0.2 0.31 0.33 -0.25 0.19 0.61 0.06 0.6 -0.24 0.0 -0.01 -0.37 0.16 
142 8.54 36.6 38.45 6.26 15.67 3.63 1.02 5.63 0.35 4.83 3.37 16.3 0.22 7.3 16.58 3.93 9.98 25.6 1.34 0.26 9.16 18.07 3.46 1.6 1.01 9527.04 17830.02 9821.24 19030.53 14088.13 134 169 171 101 130 160 125 118 88 124 229 102 201 171 189 188 107 174 229 150 227 111 141 141 91 17 52 65 173 53 157.58 0.96 4.0 1.0 -0.03 0.4 0.42 -0.26 -0.01 0.13 -0.13 -0.15 -0.39 -0.12 0.61 -0.2 0.39 0.23 0.4 0.33 -0.2 0.34 0.59 0.04 0.62 -0.13 0.0 -0.01 -0.36 0.16 
143 0.54 24.65 18.49 2.26 3.68 3.64 1.02 1.64 0.35 0.83 3.38 4.31 0.22 3.31 0.58 3.94 1.98 1.6 1.34 0.26 6.75 2.08 3.46 1.61 1.02 9516.11 17817.23 9810.31 19079.6 14170.13 134 172 173 101 130 160 125 118 88 124 229 102 201 171 189 188 107 174 229 150 227 111 141 141 91 18 55 66 159 30 51.61 0.84 7.0 1.13 -0.05 0.23 0.24 -0.28 -0.08 0.13 -0.12 -0.17 -0.38 -0.12 0.62 -0.27 0.42 0.21 0.33 0.33 -0.24 0.23 0.62 0.06 0.61 -0.21 0.0 -0.0 -0.36 0.16 
144 0.54 4.59 10.72 2.26 3.68 3.64 1.02 1.64 0.35 4.73 3.39 4.32 0.22 3.32 0.58 3.95 1.99 1.61 1.35 0.26 12.36 2.08 3.47 1.61 1.02 9500.36 17804.23 9828.38 19068.67 14160.13 134 173 175 101 130 160 125 118 88 125 229 103 201 171 189 188 107 174 229 150 230 111 141 141 91 22 58 68 160 30 145.26 0.72 4.0 2.94 -0.05 0.22 0.23 -0.28 -0.08 0.13 -0.12 -0.16 -0.38 -0.12 0.62 -0.27 0.42 0.21 0.34 0.33 -0.24 0.23 0.62 0.06 0.62 -0.21 0.0 -0.0 -0.36 0.16 
145 0.54 0.59 2.72 2.27 12.68 3.65 19.08 1.64 25.36 12.42 3.39 9.4 18.52 3.32 0.58 3.95 1.99 1.61 1.35 0.26 22.72 2.08 3.48 1.61 1.02 9518.35 17792.23 9711.12 19058.67 14150.13 134 173 175 101 133 160 129 118 94 128 229 105 205 171 189 188 107 174 229 150 235 111 141 141 91 16 59 105 160 30 265.87 0.64 4.0 2.85 -0.05 0.22 0.24 -0.28 -0.06 0.13 -0.09 -0.17 -0.34 -0.1 0.62 -0.26 0.45 0.21 0.33 0.33 -0.24 0.23 0.62 0.06 0.66 -0.21 0.0 -0.0 -0.36 0.16 
146 0.55 0.59 2.73 46.48 10.68 13.79 3.08 9.09 1.37 0.42 3.4 1.4 2.52 3.33 9.33 10.5 36.23 25.44 1.35 0.26 15.78 2.09 3.48 1.62 1.02 9360.29 17782.23 9803.67 19047.59 14136.87 134 173 175 111 135 163 129 120 94 128 229 105 205 171 191 190 116 180 229 150 238 111 141 141 91 64 59 83 161 33 185.61 0.8 4.0 1.07 -0.05 0.22 0.24 -0.21 -0.04 0.15 -0.09 -0.15 -0.34 -0.1 0.62 -0.26 0.45 0.21 0.35 0.34 -0.18 0.27 0.62 0.06 0.68 -0.21 0.0 -0.0 -0.36 0.15 
147 6.24 0.59 2.73 12.69 2.68 1.8 3.09 9.46 5.07 0.42 3.41 1.4 2.53 3.34 1.33 2.51 5.94 1.44 1.35 0.26 3.79 2.09 3.49 1.62 1.02 9349.41 17760.04 9947.03 19037.59 14112.97 135 173 175 114 135 163 129 122 95 128 229 105 205 171 191 190 117 180 229 150 238 111 141 141 91 65 72 47 161 46 72.46 0.8 4.0 2.41 -0.04 0.22 0.24 -0.2 -0.04 0.15 -0.09 -0.14 -0.33 -0.1 0.62 -0.26 0.45 0.21 0.35 0.34 -0.17 0.27 0.62 0.06 0.68 -0.21 0.0 -0.0 -0.36 0.15 
148 2.25 0.59 2.74 14.83 2.69 1.8 3.09 1.46 9.41 0.42 3.42 1.41 4.56 3.34 1.33 12.33 1.94 1.45 7.56 0.26 3.79 2.1 3.5 1.62 1.03 9370.17 17730.19 9937.03 19008.22 14102.97 135 173 175 114 135 163 129 122 95 128 229 105 205 171 191 190 117 180 229 150 238 111 141 141 91 58 80 47 168 46 15.85 0.88 nan 1.89 -0.04 0.22 0.24 -0.17 -0.04 0.15 -0.09 -0.14 -0.31 -0.1 0.62 -0.26 0.45 0.21 0.35 0.36 -0.17 0.27 0.63 0.06 0.68 -0.21 0.0 -0.0 -0.36 0.15 
149 2.25 0.59 2.74 14.86 2.69 1.8 3.1 1.46 9.43 0.43 11.09 8.67 4.57 3.35 1.34 12.35 2.9 1.45 7.58 0.26 3.8 2.1 3.5 1.63 1.03 9360.17 17719.24 9912.13 18998.22 14092.97 137 173 177 124 137 164 132 123 104 128 239 113 209 174 192 200 119 181 236 150 241 113 144 142 92 58 81 55 168 46 177.71 0.84 1.0 3.86 nan nan nan nan nan nan nan nan nan nan nan nan nan nan nan nan nan nan nan nan nan nan nan nan nan nan 
150 0.25 14.63 0.75 4.87 0.69 0.81 0.1 0.46 0.43 0.43 1.09 0.67 0.57 0.35 26.58 2.36 0.9 0.45 0.58 18.33 34.35 0.1 0.51 0.63 0.03 9347.17 17709.24 9899.12 18957.97 14113.53 137 176 177 125 137 164 132 123 104 128 239 113 209 174 195 200 119 181 236 153 247 113 144 142 92 59 81 56 142 8 102.93 0.84 5.5 1.45 -0.05 0.3 0.23 -0.11 -0.05 0.14 -0.09 -0.15 -0.28 -0.11 0.66 -0.21 0.45 0.21 0.51 0.4 -0.17 0.26 0.64 0.16 0.91 -0.22 0.0 -0.01 -0.36 0.16 
151 0.25 2.63 0.75 0.88 0.69 0.81 0.1 0.46 0.43 0.43 1.09 0.67 0.58 0.35 5.59 2.36 0.9 0.45 0.58 0.33 5.08 3.71 6.15 0.63 2.01 9323.18 17699.24 9889.12 19003.03 14135.53 137 176 177 125 137 164 132 123 104 128 239 113 209 174 196 200 119 181 236 153 248 113 145 142 92 69 81 56 135 0 120.62 0.68 4.0 2.87 -0.06 0.22 0.22 -0.14 -0.06 0.13 -0.09 -0.15 -0.28 -0.12 0.65 -0.22 0.44 0.2 0.35 0.38 -0.18 0.25 0.63 0.05 0.71 -0.22 0.0 -0.02 -0.36 0.15 
152 17.34 2.64 0.75 6.18 0.7 0.81 36.21 0.47 0.43 0.43 6.84 0.67 15.82 0.35 1.59 2.37 18.02 0.45 0.58 5.35 1.09 10.92 2.15 0.63 2.02 9321.5 17688.24 9877.12 18989.35 14027.26 139 176 177 125 137 164 137 123 104 128 239 113 211 174 196 200 121 181 236 153 248 113 145 142 92 68 82 58 137 32 90.44 0.84 7.0 1.32 -0.03 0.21 0.22 -0.13 -0.06 0.13 -0.03 -0.15 -0.28 -0.12 0.65 -0.22 0.46 0.2 0.35 0.38 -0.15 0.24 0.62 0.06 0.71 -0.2 0.0 -0.02 -0.36 0.15 
153 3.35 2.64 0.75 6.19 0.7 0.81 2.22 0.47 0.43 0.43 6.86 0.68 1.83 0.35 8.16 2.37 4.03 0.45 5.55 5.36 1.09 10.94 3.09 0.63 2.02 9388.5 17676.06 9855.86 18979.35 14017.26 139 176 177 125 137 164 137 123 104 128 239 113 211 174 196 200 121 181 236 153 248 114 145 142 92 57 84 65 137 32 105.34 0.8 10.0 3.38 -0.04 0.21 0.22 -0.13 -0.06 0.13 -0.06 -0.15 -0.28 -0.12 0.65 -0.22 0.45 0.2 0.36 0.38 -0.16 0.24 0.63 0.06 0.71 -0.21 0.0 -0.02 -0.37 0.15 
154 3.35 2.65 0.75 6.21 18.68 27.84 2.22 0.47 0.43 20.89 6.87 0.68 1.83 0.35 8.17 2.38 24.01 0.45 5.56 5.37 1.09 0.95 3.1 10.72 2.03 9329.93 17664.05 9845.86 18936.61 14005.25 139 176 177 126 141 170 137 123 104 133 240 113 211 174 197 200 127 181 237 154 248 114 145 144 92 69 85 65 150 33 134.24 0.84 4.0 1.0 -0.04 0.21 0.22 -0.14 -0.04 0.15 -0.06 -0.15 -0.28 -0.1 0.65 -0.22 0.45 0.2 0.35 0.38 -0.15 0.25 0.63 0.06 0.71 -0.21 0.0 -0.02 -0.37 0.15 
155 3.36 2.65 0.75 2.21 2.69 3.85 2.22 0.47 0.44 0.89 2.88 0.68 9.96 0.35 4.18 2.38 4.76 0.46 1.56 1.37 9.48 0.95 3.11 3.73 2.03 9316.11 17646.17 9833.98 19033.86 13991.34 141 176 177 128 142 170 137 123 104 133 242 113 211 174 201 202 127 181 238 155 251 114 145 144 94 73 93 67 127 37 133.18 0.64 1.0 2.42 -0.04 0.21 0.22 -0.13 -0.03 0.17 -0.06 -0.16 -0.29 -0.09 0.65 -0.22 0.46 0.19 0.36 0.38 -0.12 0.24 0.63 0.06 0.72 -0.22 0.0 -0.01 -0.37 0.15 
156 1.36 25.11 0.75 0.21 1.69 3.86 7.24 0.47 0.44 16.48 0.88 0.68 16.08 16.93 0.18 10.2 27.6 8.97 0.56 0.37 13.02 0.95 3.11 3.74 0.03 9303.31 17636.17 9823.05 19022.93 13892.82 141 179 177 128 142 170 138 123 104 135 242 113 213 176 201 203 130 182 238 155 252 114 145 144 94 76 93 68 128 59 261.3 0.56 7.0 2.24 -0.08 0.3 0.15 -0.17 -0.07 0.12 -0.07 -0.2 -0.32 -0.03 0.57 -0.26 0.47 0.24 0.3 0.37 0.0 0.23 0.54 0.01 0.71 -0.26 -0.04 -0.04 -0.39 0.15 
157 1.37 10.66 19.41 0.21 1.69 3.86 0.24 0.47 2.29 14.18 26.75 0.68 2.09 9.57 10.02 3.2 6.61 1.97 9.25 0.37 31.19 0.95 25.68 15.85 0.03 9278.29 17508.36 9798.43 19124.0 13881.89 142 180 179 128 142 170 138 123 106 136 246 113 215 176 202 203 131 182 238 155 255 114 147 145 94 86 136 79 113 60 216.99 0.76 5.71 3.2 -0.05 0.21 0.21 -0.14 -0.04 0.15 -0.07 -0.17 -0.3 -0.08 0.65 -0.24 0.43 0.19 0.36 0.37 -0.12 0.23 0.61 0.04 0.73 -0.23 0.0 -0.02 -0.37 0.15 
158 0.37 9.68 8.43 21.43 1.7 20.76 0.24 0.47 0.29 4.19 4.76 0.68 0.09 9.59 0.02 3.21 5.62 1.98 9.27 0.37 8.65 37.0 11.33 5.86 9.97 9376.43 17497.43 9786.56 19029.47 13874.1 142 186 179 133 143 171 138 123 106 140 249 113 215 181 202 206 136 183 242 155 262 117 149 146 98 77 137 80 133 58 121.67 0.72 1.0 1.75 -0.05 0.22 0.21 -0.12 -0.04 0.17 -0.07 -0.17 -0.29 -0.08 0.66 -0.24 0.44 0.19 0.36 0.37 -0.11 0.22 0.61 0.04 0.72 -0.19 0.0 -0.02 -0.36 0.15 
159 11.76 3.69 8.44 18.24 0.7 19.8 0.25 0.47 0.29 0.19 20.93 4.32 6.19 4.6 0.02 7.84 17.74 0.98 5.28 0.37 1.65 34.06 9.35 4.87 5.98 9373.45 17468.0 9747.97 19058.58 13854.31 147 187 186 143 143 178 138 123 106 140 259 117 217 185 202 210 142 183 245 155 263 127 152 150 103 69 146 96 94 64 179.36 0.8 1.42 1.64 -0.01 0.22 0.21 -0.03 -0.08 0.23 -0.11 -0.21 -0.32 -0.1 0.74 -0.24 0.42 0.19 0.3 0.38 -0.01 0.18 0.59 0.0 0.7 -0.03 0.02 -0.03 -0.33 0.14 
160 0.76 4.57 1.45 2.24 0.7 12.83 8.27 0.47 0.29 0.19 10.95 0.32 4.19 0.6 0.02 12.57 5.75 0.98 2.29 9.41 30.48 6.08 6.36 0.87 0.98 9405.45 17524.55 9737.97 19005.61 13843.37 147 191 187 145 143 188 146 123 106 140 269 117 221 185 202 220 147 183 247 164 273 133 158 150 103 63 79 96 115 65 101.56 0.88 1.0 1.87 -0.06 0.22 0.2 -0.08 -0.08 0.2 -0.08 -0.21 -0.32 -0.1 0.7 -0.25 0.41 0.18 0.29 0.4 -0.07 0.17 0.58 0.03 0.82 -0.16 0.0 -0.04 -0.34 0.15 
161 0.76 0.57 0.45 0.24 0.7 2.83 0.27 0.47 0.29 0.19 0.95 0.32 1.21 0.6 0.02 2.58 0.75 0.98 0.29 0.41 20.52 0.08 7.88 6.93 0.98 9435.57 17522.68 9727.97 18987.69 13865.48 147 191 187 145 143 190 146 123 106 140 269 117 222 185 202 222 147 183 247 164 283 133 165 156 103 22 70 96 119 32 36.94 0.92 1.0 1.0 -0.1 0.17 0.14 -0.12 -0.13 0.16 -0.11 -0.25 -0.35 -0.15 0.64 -0.29 0.35 0.13 0.23 0.35 -0.1 0.12 0.5 0.0 0.79 -0.19 0.01 -0.05 -0.37 0.15 
162 0.76 0.57 0.45 0.24 3.7 0.84 0.27 0.48 0.29 0.19 0.96 0.32 0.21 0.6 0.02 0.58 0.76 0.98 0.29 0.41 10.54 0.08 0.88 0.93 6.95 9424.58 17508.7 9715.99 19003.7 13855.48 147 191 187 145 143 190 146 123 106 140 269 117 222 185 202 222 147 183 247 164 285 133 165 156 104 23 74 98 93 32 132.54 0.68 4.0 3.6 -0.1 0.17 0.14 -0.12 -0.11 0.16 -0.11 -0.25 -0.35 -0.15 0.64 -0.29 0.35 0.13 0.23 0.35 -0.1 0.12 0.5 0.0 0.79 -0.19 0.01 -0.05 -0.33 0.15 
163 0.76 2.44 0.45 0.24 28.69 0.84 0.27 2.34 0.29 0.19 0.96 11.21 0.21 0.6 0.02 0.58 0.76 18.01 20.15 0.41 2.55 19.0 26.26 0.93 2.95 9414.58 17493.3 9686.64 18911.77 13843.63 147 191 187 145 144 190 146 123 106 140 269 117 222 185 202 222 147 184 248 164 285 134 165 156 104 23 76 105 115 33 170.52 0.68 13.0 3.01 -0.1 0.17 0.14 -0.12 -0.08 0.16 -0.11 -0.25 -0.35 -0.15 0.64 -0.27 0.35 0.13 0.23 0.35 -0.1 0.14 0.54 0.0 0.74 -0.16 0.05 -0.05 -0.36 0.15 
164 24.5 2.44 0.45 0.24 15.72 6.47 0.27 13.5 0.29 0.19 0.96 33.92 24.61 0.6 0.02 0.58 4.56 5.02 7.16 0.41 2.55 25.83 33.83 0.93 2.96 9415.24 17477.46 9675.69 18887.31 13777.7 150 191 187 145 146 190 146 124 106 140 269 121 225 185 202 222 147 184 249 164 285 135 168 156 104 32 80 106 121 50 157.07 0.88 7.0 1.42 -0.09 0.17 0.14 -0.12 -0.11 0.16 -0.11 -0.24 -0.35 -0.15 0.64 -0.27 0.36 0.13 0.23 0.35 -0.1 0.12 0.52 0.0 0.74 -0.17 0.02 -0.05 -0.36 0.15 
165 3.51 2.45 0.45 0.24 1.72 12.11 0.27 6.51 0.29 0.19 0.96 5.94 21.91 0.61 0.02 0.58 4.57 5.03 0.16 0.41 2.56 26.08 12.86 0.93 2.96 9404.34 17463.64 9665.69 18855.68 13888.98 152 193 187 145 147 192 146 125 106 140 269 124 228 185 202 222 147 189 249 164 287 140 171 156 106 33 84 106 133 37 94.72 0.84 2.16 2.14 -0.08 0.17 0.14 -0.12 -0.11 0.17 -0.11 -0.24 -0.35 -0.15 0.64 -0.26 0.39 0.13 0.23 0.35 -0.1 0.13 0.52 0.0 0.74 -0.15 0.04 -0.05 -0.36 0.15 
166 1.51 0.45 0.45 7.32 0.72 10.13 0.27 5.52 0.3 0.19 0.96 10.2 8.95 0.61 0.02 0.58 15.99 0.03 0.16 0.41 0.56 3.09 3.87 0.94 0.97 9392.58 17451.83 9659.32 18844.66 13919.22 153 193 187 149 147 195 146 127 106 140 269 128 231 185 202 222 151 189 249 164 287 143 173 156 106 34 85 91 134 32 148.17 0.72 1.81 2.74 -0.07 0.18 0.14 -0.1 -0.1 0.2 -0.11 -0.22 -0.35 -0.15 0.64 -0.22 0.41 0.13 0.23 0.35 -0.06 0.15 0.52 0.0 0.75 -0.14 0.05 -0.05 -0.35 0.15 
167 0.51 6.06 0.45 3.32 0.72 22.16 0.27 3.53 0.3 0.19 0.97 0.2 2.96 27.13 2.21 0.59 20.12 17.05 15.06 0.41 0.56 0.09 1.87 0.94 0.97 9301.13 17461.83 9647.07 18852.41 13900.99 153 193 187 149 147 196 146 127 106 140 269 128 231 186 202 222 152 189 249 164 287 143 173 156 106 62 65 92 130 36 64.42 0.96 19.0 1.0 -0.07 0.2 0.14 -0.08 -0.1 0.26 -0.11 -0.21 -0.35 -0.15 0.64 -0.22 0.42 0.22 0.24 0.35 -0.01 0.21 0.57 0.0 0.75 -0.13 0.06 -0.05 -0.35 0.15 
168 0.51 6.08 0.45 3.33 0.73 3.17 0.27 10.98 0.3 0.19 0.97 0.2 2.97 8.15 2.21 0.59 1.12 17.08 15.09 0.41 0.56 0.09 1.87 0.94 0.97 9346.27 17450.9 9637.07 18837.77 13890.99 153 194 187 149 147 196 146 129 106 140 269 128 231 188 202 222 152 193 252 164 287 143 173 156 106 61 66 92 135 36 56.76 0.92 4.0 1.15 -0.07 0.18 0.14 -0.09 -0.1 0.2 -0.11 -0.22 -0.35 -0.15 0.64 -0.22 0.41 0.14 0.23 0.35 -0.07 0.16 0.52 0.0 0.75 -0.13 0.06 -0.05 -0.35 0.15 
169 0.51 2.08 0.45 3.34 0.73 5.43 0.27 2.98 0.3 0.19 0.97 0.2 2.97 0.15 2.22 0.59 1.12 1.08 3.09 0.41 7.08 0.09 1.88 0.94 0.97 9381.48 17438.65 9626.14 18825.91 13880.06 153 194 187 149 147 197 146 129 106 140 269 128 231 188 202 222 152 193 252 164 288 143 173 156 106 52 67 93 137 37 138.13 0.68 4.0 2.66 -0.07 0.19 0.14 -0.09 -0.1 0.2 -0.11 -0.21 -0.35 -0.15 0.64 -0.22 0.41 0.15 0.23 0.35 -0.07 0.18 0.54 0.0 0.76 -0.13 0.06 -0.05 -0.35 0.15 
170 0.51 2.08 0.46 34.29 0.73 1.43 0.28 22.52 0.3 26.5 0.97 0.2 2.98 0.15 2.22 11.49 5.88 1.09 3.1 6.43 6.82 0.09 30.08 0.94 0.97 9371.48 17436.65 9613.24 18702.79 13855.96 153 194 187 152 147 197 146 131 106 142 269 128 231 188 202 223 152 193 252 164 288 143 176 156 106 52 65 96 178 44 179.7 0.76 10.0 2.0 -0.08 0.17 0.13 -0.05 -0.11 0.19 -0.12 -0.19 -0.36 -0.11 0.63 -0.23 0.4 0.14 0.22 0.36 -0.07 0.17 0.53 0.0 0.75 -0.14 0.09 -0.06 -0.36 0.14 
171 0.51 2.09 0.46 12.26 0.73 1.43 0.28 2.52 0.3 6.51 0.97 14.73 2.98 5.67 18.63 1.5 5.89 13.0 3.11 6.45 6.83 13.6 0.08 0.95 0.97 9469.72 17417.69 9558.06 18679.87 13845.07 153 194 187 155 147 197 146 131 106 143 269 131 231 189 203 223 153 196 252 165 289 144 176 156 106 43 72 114 187 45 95.45 0.88 4.0 2.83 -0.07 0.18 0.14 -0.07 -0.11 0.2 -0.11 -0.2 -0.36 -0.13 0.63 -0.21 0.4 0.15 0.24 0.36 -0.07 0.18 0.53 0.0 0.75 -0.12 0.07 -0.05 -0.36 0.15 
172 0.51 9.58 0.46 0.26 0.73 1.44 0.28 2.53 0.3 2.52 0.98 2.73 2.99 18.26 14.66 1.5 1.89 1.01 3.11 2.45 10.29 9.62 0.08 0.95 0.98 9472.67 17402.52 9535.85 18669.87 13872.04 153 203 187 155 147 198 146 133 106 145 269 133 233 199 213 224 154 197 255 167 299 153 176 156 106 40 74 118 187 37 129.66 0.72 1.0 1.9 -0.08 0.19 0.13 -0.06 -0.11 0.19 -0.12 -0.21 -0.36 -0.13 0.63 -0.2 0.4 0.17 0.25 0.35 -0.07 0.18 0.53 0.0 0.76 -0.12 0.06 -0.06 -0.36 0.15 
173 23.3 2.45 0.46 0.26 0.73 0.44 0.28 0.53 0.3 0.52 0.98 0.74 7.09 8.27 22.16 9.22 4.7 0.01 0.11 4.47 0.29 0.62 0.08 0.95 0.98 9455.64 17455.49 9525.85 18604.28 13862.04 158 203 187 155 147 198 146 133 106 145 269 133 234 201 218 226 155 197 255 168 299 153 176 156 106 46 11 118 212 37 98.71 0.92 4.0 2.51 0.0 0.17 0.06 -0.12 -0.16 0.13 -0.17 -0.24 -0.4 -0.17 0.53 -0.24 0.36 0.18 0.34 0.32 -0.1 0.12 0.45 -0.03 0.7 -0.13 0.0 -0.11 -0.39 0.15 
174 3.31 2.45 0.46 0.26 0.73 0.44 0.28 0.53 28.09 0.52 0.98 0.74 3.1 0.27 2.17 1.23 0.7 0.01 0.11 0.47 0.29 0.63 0.08 0.95 3.96 9439.1 17438.95 9514.86 18662.28 13835.4 161 205 187 155 147 198 146 133 116 145 269 133 237 201 220 227 155 197 255 168 299 153 176 156 109 49 14 119 195 43 100.08 0.72 1.0 2.07 -0.06 0.21 0.11 -0.08 -0.12 0.18 -0.13 -0.21 -0.33 -0.14 0.6 -0.21 0.4 0.2 0.3 0.35 -0.08 0.17 0.52 0.0 0.78 -0.09 0.05 -0.07 -0.36 0.15 
175 0.31 0.45 0.46 0.26 0.74 0.44 0.28 19.13 27.39 0.52 8.65 0.74 0.1 15.75 0.17 8.95 9.26 0.01 0.11 0.47 0.3 0.63 0.08 0.95 8.91 9428.15 17428.0 9441.33 18645.43 13845.61 161 205 187 155 147 198 146 143 118 145 277 133 237 206 220 234 158 197 255 168 299 153 176 156 113 50 15 143 202 23 65.02 0.88 1.54 1.23 -0.04 0.22 0.11 -0.08 -0.12 0.18 -0.13 -0.1 -0.15 -0.14 0.65 -0.21 0.41 0.29 0.31 0.4 -0.02 0.17 0.51 0.0 0.78 -0.09 0.05 -0.07 -0.3 0.14 
176 0.31 2.32 0.46 0.26 0.74 0.44 0.28 9.15 4.4 1.49 0.65 0.74 0.1 10.77 0.17 4.14 6.28 0.01 0.11 0.47 0.3 0.63 0.08 0.95 4.92 9418.15 17433.0 9452.24 18631.5 13858.61 161 205 187 155 147 198 146 143 118 145 277 133 237 206 220 234 158 197 255 168 299 153 176 156 113 50 0 143 205 0 12.02 0.92 nan 2.0 -0.04 0.23 0.11 -0.08 -0.12 0.18 -0.13 -0.12 -0.28 -0.13 0.65 -0.21 0.41 0.27 0.31 0.41 -0.04 0.17 0.52 0.0 0.78 -0.09 0.05 -0.07 -0.31 0.14 
177 0.31 2.33 0.46 0.26 0.74 0.44 4.29 9.17 4.41 1.5 0.65 0.74 0.1 10.79 0.17 4.14 6.29 0.01 0.11 8.5 0.3 0.63 0.08 0.96 4.93 9408.15 17421.0 9442.24 18617.49 13842.6 161 205 187 155 147 198 147 146 119 145 277 133 237 208 220 235 159 197 255 170 299 153 176 156 114 50 1 143 207 3 47.0 0.96 3.75 1.0 nan nan nan nan nan nan nan nan nan nan nan nan nan nan nan nan nan nan nan nan nan nan nan nan nan nan 
178 0.31 2.33 0.46 0.26 0.74 0.44 2.3 0.17 0.41 1.5 0.65 0.74 0.1 2.79 0.17 0.14 2.29 0.01 0.11 0.5 0.3 0.63 0.08 0.96 0.93 9398.15 17410.0 9476.24 18607.49 13832.6 161 205 187 155 147 198 147 146 119 145 277 133 237 208 220 235 159 197 255 170 299 153 176 156 114 50 2 132 207 3 141.46 0.68 nan 3.2 -0.05 0.21 0.1 -0.09 -0.13 0.16 -0.13 -0.14 -0.3 -0.15 0.63 -0.22 0.39 0.23 0.29 0.38 -0.06 0.16 0.5 0.0 0.76 -0.1 0.03 -0.08 -0.33 0.14 
179 0.31 2.34 0.46 0.26 0.74 0.44 2.3 0.17 28.2 28.78 0.65 6.19 0.1 8.33 0.17 0.14 5.15 21.28 0.11 0.5 33.85 18.65 0.08 0.96 0.93 9388.15 17398.9 9465.29 18465.69 13815.0 161 205 187 155 147 198 147 146 123 147 277 133 237 210 220 235 160 200 255 170 302 155 176 156 114 50 3 133 247 8 223.51 0.76 7.18 2.99 nan nan nan nan nan nan nan nan nan nan nan nan nan nan nan nan nan nan nan nan nan nan nan nan nan nan 
180 0.31 2.34 0.46 25.02 3.74 0.44 2.31 18.77 3.2 2.79 0.65 6.2 0.1 0.33 35.16 0.14 1.15 0.28 2.6 0.5 3.86 10.67 0.08 0.96 18.82 9284.1 17398.66 9455.29 18531.45 13834.02 161 205 187 156 147 198 147 146 123 147 277 133 237 210 220 235 160 200 255 170 302 155 176 156 115 78 2 133 243 2 40.01 0.88 13.0 1.0 -0.05 0.21 0.1 -0.07 -0.13 0.16 -0.13 -0.13 -0.27 -0.13 0.63 -0.21 0.39 0.24 0.32 0.38 -0.06 0.18 0.5 0.0 0.78 -0.08 0.03 -0.08 -0.31 0.14 
181 0.31 2.35 0.47 12.04 8.74 0.44 8.33 18.81 3.21 2.79 0.66 6.21 0.1 0.33 35.23 0.14 1.15 0.28 2.6 0.5 3.86 10.7 0.08 3.99 5.83 9272.1 17386.67 9469.29 18515.43 13822.01 161 207 187 158 148 198 147 147 125 147 277 136 237 210 223 235 161 200 255 170 304 157 176 157 115 80 4 133 249 4 94.01 0.8 3.25 1.93 -0.05 0.21 0.1 -0.08 -0.13 0.16 -0.13 -0.13 -0.28 -0.13 0.63 -0.22 0.39 0.24 0.31 0.38 -0.06 0.18 0.5 0.0 0.78 -0.08 0.04 -0.08 -0.32 0.14 
182 0.31 2.22 0.47 1.04 28.74 0.44 11.36 8.82 1.21 2.8 0.66 3.22 1.11 0.33 7.43 0.14 0.16 0.28 2.61 0.51 1.87 8.71 0.08 3.0 5.84 9262.1 17416.67 9469.25 18482.4 13821.08 161 207 187 158 152 198 148 148 125 147 277 136 237 210 223 235 161 200 255 170 304 158 176 157 115 80 0 123 258 4 69.64 0.88 7.0 1.87 -0.05 0.22 0.1 -0.07 -0.08 0.16 -0.12 -0.12 -0.26 -0.13 0.63 -0.19 0.39 0.23 0.32 0.38 -0.05 0.18 0.5 0.0 0.79 -0.06 0.03 -0.07 -0.31 0.14 
183 0.31 2.22 0.47 1.05 0.74 0.45 4.36 1.83 1.21 2.81 0.66 3.23 1.12 0.33 7.44 0.15 0.16 2.84 8.82 0.51 1.87 1.72 0.08 3.0 17.78 9252.1 17389.74 9458.01 18520.16 13809.84 161 207 187 158 152 198 148 148 125 147 277 136 237 210 223 235 161 200 255 170 304 158 176 157 116 80 7 124 252 5 31.86 0.92 16.0 1.54 -0.05 0.22 0.1 -0.07 -0.11 0.16 -0.13 -0.13 -0.26 -0.13 0.63 -0.2 0.39 0.24 0.32 0.38 -0.05 0.18 0.51 0.0 0.79 -0.07 0.03 -0.07 -0.31 0.14 
184 0.31 2.23 0.47 1.05 0.74 0.45 4.37 10.2 1.22 2.81 0.66 3.23 1.12 0.33 7.46 0.15 0.16 2.84 8.84 0.51 1.88 1.72 7.6 3.01 1.78 9239.28 17373.24 9446.14 18509.22 13812.12 161 207 187 158 152 198 148 149 125 147 277 136 237 210 224 235 161 200 256 170 304 158 177 157 116 83 10 126 253 6 75.45 0.76 7.0 1.89 -0.05 0.22 0.1 -0.07 -0.11 0.16 -0.13 -0.13 -0.26 -0.13 0.63 -0.2 0.39 0.24 0.31 0.38 -0.05 0.18 0.5 0.0 0.79 -0.07 0.04 -0.08 -0.32 0.14 
185 0.31 2.23 0.47 1.05 0.74 0.45 4.38 16.23 1.22 2.82 4.49 3.24 1.12 0.33 0.46 0.15 14.42 4.55 1.84 0.51 11.2 7.13 0.6 3.01 1.78 9200.27 17362.31 9462.28 18499.22 13786.47 161 209 187 159 152 198 152 159 126 149 281 139 238 210 224 235 171 204 257 170 314 165 177 160 117 98 11 124 253 15 179.6 0.64 1.0 2.12 -0.05 0.22 0.1 -0.07 -0.11 0.16 -0.13 -0.11 -0.26 -0.13 0.63 -0.2 0.39 0.24 0.32 0.38 -0.04 0.18 0.51 0.0 0.8 -0.06 0.04 -0.07 -0.32 0.14 
186 0.31 0.23 0.47 0.05 8.74 0.45 0.38 6.24 7.63 0.82 11.99 0.24 24.51 30.17 0.46 8.87 4.43 9.91 0.84 0.51 1.2 2.83 0.6 0.01 14.7 9189.42 17362.46 9505.28 18488.37 13663.42 161 209 187 159 154 198 152 160 127 149 283 139 244 217 224 237 172 206 257 170 314 165 177 160 120 99 1 71 254 68 209.85 0.76 4.0 2.32 -0.08 0.19 0.07 -0.09 -0.08 0.13 -0.13 -0.06 -0.24 -0.15 0.67 -0.21 0.5 0.37 0.28 0.39 0.0 0.22 0.47 -0.03 0.8 -0.04 0.01 -0.09 -0.25 0.14 
187 0.31 0.23 0.47 0.05 0.74 0.45 0.38 18.98 3.64 0.82 10.71 0.24 0.51 2.17 0.46 7.41 0.43 1.92 18.22 0.51 1.2 42.49 15.64 0.01 2.7 9129.01 17352.46 9449.97 18584.2 13649.46 161 209 187 159 154 198 152 161 127 149 283 139 244 217 224 237 172 206 258 170 314 166 178 160 120 118 1 90 229 72 122.13 0.68 13.0 2.2 -0.08 0.19 0.07 -0.09 -0.12 0.13 -0.13 -0.06 -0.27 -0.15 0.63 -0.21 0.39 0.24 0.28 0.36 -0.02 0.18 0.49 -0.03 0.79 0.0 0.03 -0.09 -0.31 0.14 
188 2.21 0.23 0.47 8.01 0.74 4.95 0.38 5.99 3.64 0.82 10.73 7.5 0.52 2.18 0.46 7.43 0.43 27.45 5.23 0.51 10.53 40.36 2.65 0.01 5.69 9118.07 17296.07 9490.17 18572.4 13620.27 163 209 187 167 154 202 152 166 130 149 293 146 244 219 224 241 172 215 263 170 318 172 180 160 125 119 22 87 230 83 184.21 0.68 1.16 2.17 -0.06 0.21 0.09 -0.07 -0.1 0.15 -0.12 -0.06 -0.26 -0.13 0.65 -0.19 0.42 0.26 0.3 0.38 0.0 0.21 0.5 -0.01 0.83 -0.02 0.04 -0.07 -0.3 0.14 
189 23.0 0.23 0.47 0.01 0.74 0.96 9.41 1.0 11.76 0.82 0.73 9.58 0.52 7.92 0.46 8.89 0.43 27.74 0.23 0.51 6.54 34.43 0.65 0.01 10.62 9119.4 17285.06 9467.5 18575.4 13591.39 166 209 187 167 154 202 154 166 132 149 293 148 244 220 224 243 172 218 263 170 319 176 180 160 127 67 23 94 229 97 120.82 0.88 4.82 2.83 0.0 0.14 0.02 -0.09 -0.15 0.11 -0.12 -0.09 -0.23 -0.18 0.61 -0.16 0.34 0.24 0.23 0.36 -0.06 0.31 0.44 -0.07 0.77 0.1 -0.01 -0.12 -0.27 0.13 
190 11.02 0.23 9.8 0.01 0.74 5.46 1.41 1.0 3.77 0.82 0.73 1.58 1.53 3.92 0.46 0.89 0.43 6.76 0.23 0.51 2.54 9.45 0.65 0.01 2.63 9106.3 17275.06 9480.4 18565.4 13652.78 168 209 188 167 154 202 155 166 133 149 293 149 244 221 224 243 172 219 263 170 319 177 180 160 129 68 23 93 229 80 29.66 0.88 1.82 1.38 -0.05 0.17 0.06 -0.06 -0.13 0.14 -0.13 -0.07 -0.25 -0.16 0.65 -0.17 0.37 0.24 0.26 0.37 -0.03 0.23 0.48 -0.04 0.8 0.0 0.01 -0.1 -0.28 0.14 
191 0.02 0.24 8.82 3.55 0.75 6.6 5.43 1.0 2.77 0.83 0.73 0.59 1.54 2.93 0.46 0.89 0.43 5.77 0.23 0.51 2.55 8.46 0.65 0.01 0.63 9094.3 17259.41 9469.4 18565.4 13651.78 168 209 196 170 154 208 160 167 135 149 293 149 245 223 224 243 172 224 263 170 321 185 180 160 129 70 26 94 228 71 164.64 0.68 1.0 2.12 -0.07 0.16 0.07 -0.06 -0.14 0.14 -0.12 -0.08 -0.25 -0.17 0.63 -0.17 0.36 0.23 0.24 0.35 -0.05 0.23 0.46 -0.06 0.78 0.01 0.0 -0.11 -0.28 0.13 
192 0.02 25.49 0.82 0.55 0.75 8.48 0.43 0.0 0.78 16.42 0.74 0.59 18.83 0.93 0.46 0.89 20.41 7.58 26.3 0.52 0.55 0.46 0.65 2.03 0.63 9127.3 17137.4 9459.4 18547.47 13640.08 168 217 196 170 154 212 160 167 135 152 293 149 254 223 224 243 180 228 271 170 321 185 180 162 129 27 73 94 236 73 251.73 0.68 2.24 3.52 -0.09 0.26 0.06 -0.08 -0.17 0.17 -0.13 -0.1 -0.27 -0.11 0.58 -0.19 0.42 0.21 0.21 0.32 0.04 0.25 0.56 -0.08 0.73 0.0 -0.03 -0.13 -0.3 0.14 
193 0.02 2.5 0.82 0.55 0.75 1.49 0.43 0.0 0.78 34.71 0.74 0.59 16.04 0.93 33.27 0.89 3.41 4.83 3.31 15.57 22.92 0.46 0.65 20.2 15.54 9141.32 17126.55 9386.42 18602.84 13558.77 168 217 196 170 154 212 160 167 135 153 293 149 256 223 226 243 180 228 271 172 324 185 180 164 131 1 74 111 222 92 177.99 0.68 7.0 2.92 -0.07 0.2 0.08 -0.06 -0.15 0.17 -0.12 -0.08 -0.25 -0.08 0.62 -0.18 0.44 0.23 0.32 0.34 0.0 0.27 0.5 -0.03 0.82 0.02 -0.01 -0.06 -0.25 0.13 
194 4.76 2.5 0.82 2.32 0.75 1.49 0.43 4.65 0.78 27.77 31.4 8.76 2.04 9.78 19.31 0.9 3.42 4.84 3.31 1.57 1.92 7.67 14.75 6.22 1.54 9086.55 17214.55 9375.48 18591.9 13515.44 169 217 196 170 154 212 160 168 135 159 300 151 256 225 230 243 180 229 271 172 324 186 183 165 131 17 60 112 223 103 191.4 0.68 4.0 2.58 -0.07 0.19 0.08 -0.06 -0.15 0.17 -0.12 -0.08 -0.26 -0.14 0.63 -0.17 0.41 0.23 0.26 0.34 -0.01 0.26 0.49 -0.05 0.78 0.02 0.0 -0.09 -0.28 0.14 
195 .77 2.51 0.83 20.89 0.75 1.49 0.43 2.51 0.78 3.77 3.41 4.39 6.11 1.78 3.31 6.35 3.43 0.85 5.8 1.58 5.65 3.68 2.76 2.22 37.31 9076.55 17203.46 9440.57 18550.48 13503.45 169 217 196 172 154 212 160 168 135 159 300 151 256 225 230 243 180 229 271 172 324 186 183 165 133 17 61 94 239 105 58.5 0.84 10.0 1.43 -0.08 0.18 0.07 -0.05 -0.16 0.16 -0.13 -0.08 -0.26 -0.13 0.64 -0.17 0.4 0.23 0.26 0.33 -0.02 0.25 0.48 -0.06 0.77 0.02 0.0 -0.1 -0.24 0.13 
196 0.77 2.51 0.83 2.66 0.75 1.5 0.43 2.52 11.9 3.78 3.42 4.4 6.12 1.78 3.32 6.36 3.43 0.85 5.81 1.58 10.33 3.69 2.76 2.22 18.34 9064.79 17232.53 9416.63 18539.55 13492.52 169 219 196 174 154 213 160 170 142 162 303 155 262 226 230 246 183 229 273 173 329 189 185 167 141 19 58 103 240 106 101.22 0.88 1.25 3.0 -0.08 0.19 0.07 -0.06 -0.16 0.16 -0.13 -0.08 -0.26 -0.13 0.64 -0.17 0.4 0.23 0.26 0.33 -0.02 0.25 0.48 -0.06 0.77 0.02 0.0 -0.1 -0.26 0.13 
197 0.77 0.51 3.94 0.66 0.76 0.5 0.44 0.52 13.02 0.78 0.42 0.4 0.12 0.78 3.33 3.37 0.44 0.85 3.82 12.62 2.33 0.69 0.77 0.22 1.34 9043.14 17216.75 9458.62 18546.78 13479.51 169 219 196 174 154 213 160 170 143 162 303 155 262 226 230 246 183 229 273 174 329 189 185 167 141 23 60 49 236 107 21.59 0.96 7.0 1.0 -0.09 0.18 0.07 -0.06 -0.17 0.15 -0.14 -0.08 -0.18 -0.12 0.63 -0.16 0.41 0.22 0.25 0.34 -0.01 0.24 0.49 -0.01 0.78 0.02 0.0 -0.1 -0.23 0.13 
198 0.77 0.51 3.95 0.66 0.76 0.5 0.44 0.52 6.03 0.79 0.42 0.4 0.12 0.79 3.33 3.38 8.04 0.85 3.83 5.64 2.33 0.69 0.77 0.23 1.34 9029.34 17219.81 9447.67 18535.83 13468.56 169 219 196 174 154 213 160 170 143 162 303 155 262 226 230 246 184 229 273 174 329 189 185 167 141 27 59 50 237 108 40.8 0.84 7.0 1.29 -0.09 0.18 0.06 -0.06 -0.17 0.15 -0.14 -0.08 -0.22 -0.12 0.64 -0.16 0.42 0.22 0.25 0.33 -0.01 0.24 0.48 -0.06 0.78 0.02 0.0 -0.1 -0.24 0.13 
199 0.77 0.51 3.95 0.66 0.76 0.5 0.44 0.52 6.04 12.48 0.42 4.03 0.12 0.79 3.34 3.38 10.56 0.85 3.84 14.68 2.34 0.69 0.77 0.23 1.34 9001.08 17207.91 9425.93 18531.88 13457.62 169 219 196 174 154 213 160 170 144 165 303 156 262 226 230 246 186 229 273 177 329 189 185 167 141 40 61 60 237 109 44.99 0.96 4.0 1.0 -0.09 0.18 0.06 -0.06 -0.17 0.15 -0.14 -0.08 -0.22 -0.12 0.63 -0.16 0.41 0.22 0.24 0.33 0.0 0.24 0.47 -0.05 0.78 0.02 -0.0 -0.1 -0.24 0.13 
200 0.77 0.51 3.96 0.67 5.76 0.5 0.44 0.52 2.05 0.48 0.42 0.03 0.12 0.79 3.35 3.39 2.56 0.85 3.84 2.68 2.34 0.69 0.77 0.23 1.35 9030.09 17196.91 9414.93 18520.88 13446.62 169 219 196 174 154 213 160 170 144 165 303 156 262 226 230 246 186 229 273 177 329 189 185 167 141 31 62 61 238 110 169.91 0.64 nan 3.14 -0.09 0.17 0.06 -0.07 -0.17 0.14 -0.14 -0.09 -0.23 -0.12 0.62 -0.16 0.4 0.21 0.24 0.32 0.0 0.23 0.47 -0.05 0.77 0.01 -0.01 -0.1 -0.24 0.13 
